971 1073
351 700
77 225
850 931
762 532
697 324
794 407
434 824
501 439
72 661
303 702
358 486
968 229
137 458
589 293
158 927
814 736
175 196
870 305
772 724
44 471
513 971
854 894
604 837
527 182
4 316
963 268
20 899
208 126
172 396
96 749
287 431
298 434
469 735
583 560
308 851
874 730
901 504
510 487
206 520
360 111
19 643
117 942
557 623
104 311
603 917
862 212
61 415
597 829
199 604
602 869
428 324
258 706
137 324
122 650
330 176
953 679
357 514
767 430
8 649
825 951
217 829
28 651
304 60
116 632
345 856
229 364
97 727
35 52
273 56
161 225
381 620
332 356
292 598
119 794
70 508
26 967
965 322
60 920
509 966
17 562
133 287
66 361
836 261
920 198
497 448
878 526
444 118
31 738
952 740
265 458
761 205
254 465
733 117
64 136
757 818
749 523
389 414
182 121
598 887
663 778
352 846
753 231
703 207
91 511
460 895
875 820
126 784
610 249
73 891
493 244
439 344
416 458
703 348
44 469
942 433
310 258
452 41
193 412
782 101
120 965
473 742
70 832
915 613
440 782
40 328
845 520
430 323
322 211
270 642
956 51
253 337
95 181
431 850
617 943
338 111
669 185
760 891
39 109
17 255
474 607
214 356
87 238
248 909
609 318
478 792
19 575
821 724
569 529
134 587
831 197
377 545
106 12
419 629
184 921
309 837
124 192
339 960
677 225
920 331
581 418
133 61
65 817
203 519
298 229
143 965
828 305
330 647
598 790
783 304
670 9
347 725
31 534
393 217
642 758
330 276
418 697
648 188
226 623
742 878
505 215
955 448
450 720
58 629
623 152
323 35
704 404
718 211
617 853
859 697
531 68
164 199
801 392
157 289
443 350
827 607
367 964
690 168
283 706
170 790
171 482
373 301
659 894
789 819
858 526
568 328
525 568
646 221
928 78
628 110
468 308
372 326
614 320
621 816
416 25
208 442
165 32
819 141
11 722
46 901
742 176
907 461
838 900
61 413
833 397
870 705
697 339
967 718
56 612
449 279
278 910
434 678
593 601
877 744
492 522
264 730
790 243
897 963
680 184
548 105
408 167
481 644
142 122
258 454
118 40
500 474
504 678
138 859
435 519
526 456
171 880
855 75
397 172
186 854
601 625
931 214
173 889
802 296
458 134
920 357
80 87
294 864
190 721
446 106
447 376
524 638
466 242
2 792
958 429
882 940
784 209
331 785
966 745
285 541
14 453
818 906
559 84
308 510
778 537
66 426
110 221
829 888
933 251
263 427
936 571
965 887
558 744
826 914
889 202
757 473
870 647
352 346
155 174
341 545
672 216
398 582
676 333
429 49
262 441
870 802
429 816
54 678
211 247
240 714
960 136
11 191
860 69
547 15
106 293
405 79
77 952
554 362
949 886
307 295
922 90
717 506
282 681
649 290
126 369
480 202
466 201
218 688
746 701
733 133
231 706
443 797
544 886
474 142
886 504
716 314
63 41
150 59
608 970
160 792
618 537
861 578
81 212
235 558
564 307
58 866
222 312
111 283
394 133
873 334
679 431
24 49
230 289
86 841
971 566
931 886
43 410
907 321
18 252
445 120
226 47
740 481
904 427
842 578
417 184
173 663
399 946
916 532
464 706
64 839
153 839
421 473
184 56
569 302
708 726
345 674
750 500
779 882
766 306
238 400
343 350
794 878
406 461
439 380
537 310
820 351
263 333
708 529
773 824
820 388
39 446
470 8
358 310
491 728
235 370
140 284
817 49
704 534
529 764
227 591
266 787
613 749
181 136
914 730
201 759
661 293
461 522
213 459
378 624
434 117
904 688
858 755
55 665
944 193
248 211
514 742
670 419
800 317
154 499
846 914
10 213
361 74
949 4
360 754
909 516
602 624
806 706
652 694
96 855
370 928
483 57
147 432
224 108
9 439
643 616
34 205
203 33
708 248
493 638
398 84
135 86
119 221
668 505
797 869
71 450
447 459
567 205
241 924
586 385
591 377
59 552
281 825
194 578
883 293
160 753
580 5
585 304
326 56
399 274
289 551
633 405
463 421
703 736
545 592
914 97
897 63
184 883
177 115
678 135
181 214
259 23
533 893
473 493
417 963
324 790
147 320
598 636
962 901
591 389
326 687
334 477
264 740
259 679
576 917
134 648
574 348
1 862
689 480
41 892
212 701
927 353
541 332
121 206
918 458
778 828
368 647
529 114
898 146
948 725
620 748
415 70
212 861
174 449
716 49
760 354
253 587
855 408
136 963
677 426
880 298
273 180
369 711
944 653
553 904
765 429
90 837
961 914
457 816
455 933
284 539
217 207
866 367
258 696
383 222
2 46
125 570
771 888
209 599
106 773
281 755
293 586
458 324
417 381
886 780
370 654
694 400
4 910
672 395
467 377
670 575
58 188
405 139
259 76
726 576
273 335
871 38
91 660
673 379
682 117
557 588
405 522
615 735
924 219
104 484
596 817
584 793
299 174
928 591
321 725
530 655
670 610
350 359
95 157
560 891
901 372
858 30
749 649
221 281
595 682
815 613
809 825
781 288
209 530
127 523
366 849
100 425
834 156
628 835
84 920
757 865
562 101
200 364
784 725
187 56
436 647
505 603
882 924
130 951
230 908
954 861
930 337
575 166
126 634
829 605
780 480
141 622
21 875
700 207
640 74
345 135
744 293
215 121
554 431
398 945
567 549
429 130
616 407
69 171
180 629
496 237
166 97
921 467
203 666
868 119
165 527
648 861
24 98
950 139
284 800
720 620
479 384
250 893
312 404
435 477
918 651
156 695
118 378
594 496
944 885
495 871
955 926
567 628
551 182
698 706
348 953
803 859
688 75
371 577
753 476
540 939
554 913
291 11
147 270
309 45
61 11
669 365
468 488
239 211
503 358
563 468
726 465
403 968
709 905
764 63
186 174
554 241
964 490
665 18
179 378
207 501
948 343
965 781
155 362
734 820
298 795
459 270
849 685
460 490
386 479
693 711
626 395
876 579
965 579
629 142
653 568
179 836
905 9
41 729
902 916
546 588
606 222
914 735
945 160
541 230
692 663
638 866
87 784
910 353
701 639
123 166
413 203
569 64
286 842
709 352
620 189
948 143
825 144
129 355
176 649
620 665
595 162
967 249
4 825
684 938
897 116
578 812
373 571
487 384
124 779
517 297
692 286
298 848
703 206
883 924
63 208
213 701
817 895
809 786
107 705
266 569
964 867
517 955
517 118
518 133
242 661
831 588
755 520
754 512
198 489
849 134
708 915
204 320
665 805
611 205
575 144
898 618
801 95
189 258
58 551
17 109
233 231
333 234
455 279
640 887
647 3
548 615
884 660
872 162
760 199
613 875
424 278
356 388
695 279
138 498
673 146
655 870
181 591
964 163
635 133
936 847
162 92
314 9
970 712
761 227
897 460
279 216
399 281
275 219
63 326
424 52
15 852
65 483
9 606
215 79
93 793
73 63
239 398
402 510
607 234
302 278
658 95
934 519
557 3
948 405
696 486
769 132
370 634
634 799
174 257
39 21
741 440
674 208
721 205
517 263
731 713
961 501
798 442
457 238
518 550
599 732
116 735
507 902
149 365
185 800
15 125
616 317
540 461
808 614
320 787
292 157
826 888
885 657
465 403
240 463
690 793
491 5
53 790
428 648
319 782
354 905
482 701
641 15
941 894
183 622
863 152
143 455
282 433
38 400
435 63
623 760
319 781
912 62
475 146
224 365
553 336
906 888
356 76
946 403
92 878
597 112
918 550
243 320
36 671
616 624
658 565
824 159
889 87
603 692
251 111
207 265
846 472
265 247
570 337
810 33
36 66
409 546
274 53
366 489
376 852
240 466
636 696
36 266
742 168
275 918
391 684
83 903
412 483
44 726
888 953
311 451
463 710
623 253
506 938
609 157
520 101
165 899
165 926
779 106
850 214
122 177
529 828
473 735
777 501
503 374
496 584
624 669
248 548
65 434
283 487
672 587
638 624
111 914
513 743
400 782
466 862
872 878
841 737
29 574
502 44
931 818
273 813
93 367
226 59
561 305
869 328
29 133
534 387
619 7
259 345
759 880
584 428
830 117
767 782
910 679
274 401
578 852
752 245
42 417
790 395
713 933
591 773
80 365
943 911
236 195
889 887
627 383
192 287
918 524
434 293
934 518
199 408
687 95
768 130
801 840
556 863
812 753
283 811
950 413
424 92
901 311
3 900
761 681
660 272
273 242
263 462
249 532
868 40
105 405
252 476
718 209
781 955
447 716
338 701
386 150
444 91
890 213
235 146
276 785
153 860
232 196
692 954
965 753
382 366
371 68
836 494
900 507
442 315
916 189
306 624
356 951
341 394
32 734
500 337
263 778
18 700
577 812
770 477
151 613
334 447
258 745
98 447
390 648
766 386
737 590
650 684
259 267
414 846
143 755
207 752
17 371
556 606
231 137
202 189
581 83
814 579
245 536
529 546
806 18
588 411
868 303
101 679
901 819
418 352
94 721
233 945
42 129
199 443
755 256
893 857
732 206
568 64
926 263
69 616
613 143
424 344
451 166
471 636
384 676
725 125
357 632
670 662
645 110
969 126
9 772
336 820
907 664
531 724
346 397
454 645
301 172
161 620
530 612
792 943
303 824
256 657
817 874
145 664
288 16
540 430
100 99
402 104
512 867
407 760
783 271
214 798
120 73
754 886
24 496
160 90
141 808
371 932
517 935
873 950
86 703
73 823
839 228
154 199
220 129
535 303
37 896
115 877
369 538
404 676
427 44
322 199
883 489
788 99
598 667
50 280
231 557
692 309
48 891
192 880
845 168
83 877
787 224
133 311
664 326
737 267
546 602
