907 2737
412 402
288 160
823 106
437 577
637 183
473 789
259 398
356 169
285 264
468 24
506 215
570 438
607 111
790 453
884 316
250 653
489 262
71 290
406 536
63 228
193 615
504 272
431 512
875 771
453 110
737 819
221 450
593 25
629 816
850 498
557 510
296 717
229 744
436 189
237 194
400 586
75 517
791 203
480 760
564 736
67 456
286 106
714 841
533 624
402 607
169 819
796 376
176 368
125 179
71 870
540 885
49 822
193 393
124 13
20 891
94 262
425 718
834 201
769 850
647 650
23 737
320 521
171 901
856 416
838 847
657 209
713 794
364 706
191 5
221 306
115 477
762 605
619 899
158 171
218 814
642 3
606 720
644 888
23 536
122 879
217 670
145 220
191 904
719 896
794 802
562 615
11 698
880 851
95 865
167 834
243 232
618 625
51 71
604 572
771 789
773 756
98 54
760 691
269 544
882 320
795 393
828 305
352 250
262 299
212 756
693 765
472 153
790 647
771 563
866 377
425 101
99 154
544 584
209 718
600 202
618 745
530 192
164 454
402 569
402 335
852 811
781 337
305 35
305 502
548 438
434 649
18 178
457 293
348 396
866 644
63 764
889 861
348 436
559 738
324 232
734 66
365 154
576 273
302 531
338 806
212 838
610 464
801 861
237 352
304 785
721 344
263 140
189 792
119 134
736 588
582 517
560 906
240 485
205 707
550 419
491 251
633 822
194 743
858 654
809 291
756 97
22 176
795 781
794 831
847 693
844 342
424 316
712 86
335 742
203 224
628 202
258 333
226 835
43 891
694 574
632 817
873 854
800 600
856 357
50 634
82 350
254 703
866 847
886 668
667 130
831 53
360 675
289 182
450 361
863 809
862 884
83 846
638 266
213 778
798 589
76 791
757 440
333 459
779 677
708 614
413 83
862 605
598 490
206 666
444 161
869 565
339 77
768 253
201 537
589 107
771 88
458 136
101 715
192 861
698 557
641 612
737 390
60 266
373 625
830 866
805 906
148 520
27 364
655 102
715 334
735 771
59 604
388 894
777 428
407 377
905 698
126 885
364 621
827 428
550 844
186 585
775 633
336 641
631 579
409 128
444 852
781 850
411 235
770 155
58 665
402 426
668 799
318 847
889 451
865 786
494 815
775 234
747 364
838 496
125 891
21 672
359 665
840 169
145 163
536 524
756 69
833 491
642 612
177 165
322 477
623 633
539 697
663 904
320 38
339 361
431 365
775 788
282 238
450 443
605 404
199 542
311 361
209 523
800 612
467 23
621 63
735 646
97 611
445 425
215 417
345 711
164 279
190 583
193 289
410 729
656 415
510 590
591 419
630 209
595 113
377 762
787 889
764 15
788 744
187 285
810 579
44 611
795 445
896 788
189 188
365 357
278 403
887 405
541 834
600 759
358 876
750 553
768 328
807 482
459 714
78 234
855 502
270 109
271 220
567 501
313 897
244 72
307 565
151 759
414 716
510 271
39 90
573 563
760 731
483 641
709 344
600 900
802 448
307 25
626 355
774 337
461 74
893 540
454 93
210 802
311 29
558 589
887 259
891 145
879 282
417 554
606 185
224 471
833 725
633 854
212 120
379 760
492 518
163 574
130 586
437 638
648 247
672 867
782 695
306 737
861 369
536 179
114 99
633 95
582 96
722 308
658 71
696 366
393 504
806 258
57 485
521 178
878 73
389 669
102 133
138 578
51 479
663 171
349 372
226 418
134 542
893 887
802 99
553 831
239 686
369 676
428 700
380 797
273 512
736 504
520 890
502 733
232 284
862 166
203 208
877 310
130 606
23 464
532 186
559 884
503 189
783 31
514 513
849 801
255 91
863 333
810 91
195 702
554 875
464 659
873 166
433 676
716 97
682 17
513 709
594 175
539 828
866 754
869 589
637 267
708 717
620 840
387 196
99 206
872 121
466 384
375 94
837 159
267 772
358 776
566 854
164 869
554 301
131 203
833 370
246 146
727 672
268 907
505 591
805 55
520 718
443 257
389 837
871 314
321 634
640 653
57 58
296 339
313 603
888 119
892 441
362 169
732 56
660 333
311 517
259 547
528 573
748 152
234 440
623 680
312 418
827 158
129 743
313 386
137 838
63 298
448 92
571 750
807 821
887 41
284 770
175 839
788 869
240 216
76 361
594 596
331 518
523 27
211 92
626 219
147 741
149 798
208 379
540 20
154 625
485 97
2 573
242 291
668 862
618 696
156 668
43 19
436 501
718 303
285 578
559 581
325 585
217 80
327 672
733 355
23 648
213 329
894 447
516 117
554 192
511 318
888 227
642 87
411 161
839 225
145 509
517 365
331 797
868 250
903 898
726 701
162 261
803 888
873 227
65 569
101 98
836 672
759 777
875 492
124 710
159 668
54 756
494 357
278 432
580 209
394 623
125 236
876 868
588 145
469 863
516 3
54 152
572 557
665 373
447 668
484 746
748 591
652 428
235 548
847 818
76 890
442 342
270 473
21 829
523 663
763 433
512 522
784 303
473 277
199 22
55 504
112 786
541 143
599 138
180 404
865 231
773 852
388 185
672 375
63 802
358 666
395 364
381 646
39 320
593 803
319 5
708 625
269 507
347 196
809 145
497 652
131 624
79 334
762 742
600 415
49 175
102 515
329 545
114 741
759 861
522 588
550 432
782 449
401 855
255 308
296 907
444 498
795 729
529 489
70 348
110 274
59 45
556 677
340 562
489 806
238 438
847 827
296 269
230 225
341 482
74 184
792 237
406 893
274 280
390 113
637 314
142 156
382 545
213 87
827 859
705 48
746 210
431 267
539 562
107 726
493 371
481 542
8 724
281 178
365 711
106 410
677 822
237 255
328 549
166 206
92 266
758 276
815 664
784 419
698 169
24 611
377 619
546 357
88 53
732 742
587 742
127 779
628 836
683 606
649 15
730 162
181 63
720 762
737 188
168 593
132 34
657 901
394 869
296 327
497 512
459 841
409 135
104 179
285 717
658 562
643 880
422 592
599 194
558 235
501 564
137 155
670 704
177 60
843 873
315 593
743 106
855 91
752 792
415 320
187 152
898 720
776 103
364 613
316 378
110 242
598 223
733 893
305 434
320 39
525 475
178 624
457 498
338 874
431 795
806 572
185 70
811 707
757 200
222 662
310 846
429 360
584 284
875 696
862 397
115 520
303 709
635 494
770 545
833 809
423 810
365 633
338 543
104 395
751 187
656 412
344 494
269 615
623 424
683 722
261 535
818 554
191 572
431 726
366 290
238 196
153 415
847 47
724 554
141 224
663 64
458 611
192 539
720 424
232 738
568 230
531 401
734 392
170 462
45 669
728 492
835 775
858 624
626 503
225 722
575 201
600 901
267 131
270 742
18 464
346 574
132 771
39 625
6 667
869 492
502 181
125 615
434 800
831 837
814 305
815 554
255 537
823 684
573 47
691 745
835 780
451 707
782 773
235 741
307 240
146 107
457 118
477 672
221 549
94 333
282 399
175 237
498 771
796 171
505 152
481 664
226 194
651 111
174 230
496 191
519 172
221 307
104 436
893 161
552 903
203 56
344 525
834 250
138 479
803 451
334 262
851 463
284 385
288 393
823 326
610 667
831 262
444 4
890 635
815 119
433 285
553 617
149 415
336 565
635 165
637 878
266 768
268 425
582 542
555 337
4 38
130 61
625 611
455 351
702 734
596 100
45 102
177 840
592 105
600 835
164 130
809 760
616 142
146 805
256 338
609 612
747 120
249 606
539 699
224 768
577 780
500 56
723 637
379 19
417 580
370 788
661 100
719 451
408 844
558 35
30 550
472 681
44 236
543 273
571 606
475 468
832 727
138 773
787 769
451 588
414 21
162 466
164 773
840 524
758 681
315 688
723 303
160 361
400 184
384 572
278 866
631 732
285 393
178 69
416 472
569 262
769 452
536 505
628 426
367 326
497 803
900 857
444 128
299 568
321 477
799 542
19 697
876 584
702 437
501 732
542 66
673 622
633 544
783 710
680 744
113 311
351 446
798 166
394 613
163 86
596 894
353 804
262 414
235 558
480 757
403 821
388 490
155 481
301 664
896 814
15 350
237 794
471 855
479 877
65 28
430 276
655 293
608 727
464 465
184 510
539 705
443 667
256 16
165 565
169 511
478 371
709 765
472 702
877 439
182 663
903 586
766 405
667 25
641 157
858 645
585 459
417 329
80 423
686 299
804 552
129 315
665 519
249 225
264 70
820 274
478 406
625 657
64 655
119 49
543 356
485 236
487 850
110 582
718 844
486 197
800 445
574 661
23 235
799 847
802 855
622 826
790 518
177 607
649 838
582 626
152 835
10 590
428 817
342 358
590 800
371 722
695 253
781 408
156 528
787 324
221 587
521 861
683 751
765 228
575 713
246 827
501 545
488 255
288 870
209 152
815 837
811 322
154 457
637 321
361 94
344 386
695 97
791 728
704 23
393 731
789 520
145 162
362 445
732 812
752 237
327 599
679 201
421 356
314 214
190 341
505 467
452 590
587 374
402 134
497 694
630 392
376 714
50 33
553 864
880 677
607 617
597 733
263 242
799 369
729 26
488 275
59 649
244 206
210 609
686 470
177 51
568 263
555 802
117 107
684 710
631 820
102 696
840 647
677 481
201 262
607 319
826 761
593 207
902 233
298 318
873 276
728 603
429 366
712 299
254 328
769 879
256 273
344 593
294 377
278 391
249 840
894 902
220 223
391 493
242 844
280 668
480 697
656 852
122 124
340 736
452 557
405 166
732 367
705 832
887 120
299 838
410 402
472 221
790 731
511 147
259 842
313 563
171 118
462 422
794 687
633 509
264 803
686 810
530 578
402 381
200 192
96 273
152 99
244 220
814 533
121 834
777 888
239 86
622 902
297 402
164 572
570 302
146 291
22 903
260 868
853 606
486 89
253 493
244 219
38 3
563 242
489 115
694 54
380 413
290 456
772 872
745 848
519 269
894 4
677 412
456 784
124 567
348 883
365 683
399 385
475 746
468 44
262 501
907 114
360 826
182 377
827 884
815 453
264 619
445 298
250 194
697 562
640 663
113 748
228 29
247 377
751 108
664 902
388 859
359 74
34 130
207 507
196 872
361 354
435 196
19 517
210 905
435 359
728 129
674 453
415 832
879 593
589 214
574 634
444 554
302 594
716 303
123 550
398 161
643 89
184 674
167 17
358 583
9 179
836 320
277 641
557 538
777 329
448 465
724 860
231 592
327 476
901 29
353 799
635 640
762 437
123 27
858 353
277 562
396 301
72 310
203 163
247 335
598 477
893 185
553 806
714 221
454 453
370 768
756 759
472 47
20 284
132 761
771 46
61 494
154 621
185 87
529 868
31 289
593 906
562 782
281 614
653 315
13 17
363 513
253 354
697 481
39 427
66 106
484 583
806 349
552 236
203 41
59 300
297 503
458 423
656 186
213 240
655 457
752 334
127 350
607 415
774 750
42 447
353 611
185 413
766 867
394 624
234 883
511 756
395 495
530 299
72 730
47 203
806 132
258 211
263 13
907 380
690 836
288 177
567 195
421 47
58 433
224 356
793 2
6 817
450 733
550 8
787 765
572 682
8 362
600 675
896 639
493 404
419 900
132 638
902 398
426 351
874 715
360 471
348 694
261 175
695 7
593 8
247 125
577 313
274 494
467 410
711 135
733 865
368 795
222 645
520 903
613 283
893 427
321 801
151 788
415 38
509 882
296 694
584 563
714 718
416 586
182 669
95 384
545 184
729 382
341 469
130 574
480 838
580 332
448 389
784 764
825 86
537 23
331 368
630 372
649 750
729 165
747 578
289 273
535 291
518 354
524 560
876 295
750 139
504 660
481 475
790 343
207 660
353 685
544 408
691 868
841 384
581 600
285 11
738 111
184 718
726 318
28 613
678 70
591 640
558 205
261 456
414 158
860 679
690 202
311 408
774 174
558 60
465 275
248 204
863 401
279 239
210 233
157 89
548 193
694 864
532 123
715 880
60 433
190 110
784 439
552 659
825 51
494 373
681 405
744 443
897 822
435 755
227 189
799 187
414 741
332 430
231 239
883 644
130 116
495 586
461 508
907 750
692 328
784 430
179 106
38 275
8 217
858 177
389 587
174 819
854 492
456 457
536 728
886 102
84 36
489 813
716 84
206 524
904 86
104 618
692 586
75 53
556 887
188 268
528 442
484 285
765 850
806 491
420 690
865 592
520 21
97 113
688 406
192 427
692 454
547 902
180 872
255 638
143 581
572 902
151 94
724 396
191 434
467 157
253 298
29 498
178 207
494 609
278 71
672 233
88 341
70 165
115 572
421 581
116 661
753 280
73 683
422 27
798 141
11 237
214 468
346 769
214 740
846 153
646 266
706 746
65 274
900 734
818 396
752 873
552 171
8 798
427 283
405 652
468 719
538 686
372 3
317 211
598 332
472 762
53 286
43 856
617 56
580 736
818 308
394 329
72 174
570 238
718 688
535 458
130 89
410 514
48 769
168 88
96 163
797 70
160 704
108 603
623 212
825 133
536 283
239 32
388 141
267 430
63 243
624 44
346 787
335 823
104 321
281 842
419 328
184 654
349 44
739 380
748 83
504 352
659 894
533 750
756 86
477 136
886 758
905 360
746 172
802 138
69 78
539 255
705 672
79 229
317 314
706 324
183 207
285 796
218 666
275 359
538 118
634 735
467 514
305 249
768 767
611 411
25 573
500 183
653 610
853 800
195 365
41 399
860 585
572 67
863 113
386 31
99 882
260 876
501 613
137 36
418 721
83 893
858 803
164 366
187 811
223 610
814 297
357 642
66 593
195 536
677 841
786 237
697 139
181 26
241 263
738 86
632 869
227 395
64 615
397 477
113 272
296 837
65 469
288 825
189 426
206 379
252 186
490 733
418 260
208 773
689 553
449 887
543 292
339 455
105 328
851 352
653 660
600 544
818 427
249 600
533 494
500 24
571 97
463 885
566 850
569 364
438 701
438 299
459 175
400 412
575 512
264 484
598 355
748 623
487 160
17 649
808 684
862 649
430 344
632 335
298 9
798 401
668 312
147 180
312 810
439 434
39 649
210 854
727 394
302 103
749 484
53 162
537 58
64 319
389 635
646 328
134 20
227 192
191 357
623 316
730 233
330 731
732 330
446 269
152 393
774 781
719 323
900 600
595 132
597 232
448 433
546 448
512 875
108 542
881 173
792 309
302 650
528 389
875 395
341 283
414 163
490 112
273 640
352 596
591 860
243 706
82 755
563 653
470 705
473 73
853 860
784 872
640 647
881 895
536 99
827 113
114 764
592 824
320 323
713 749
897 470
862 320
224 212
833 27
264 266
823 103
36 163
239 83
22 833
98 59
354 356
815 465
887 804
212 55
433 262
180 216
738 436
793 460
726 434
880 248
897 446
576 803
899 78
521 506
407 176
673 620
428 544
838 811
23 504
251 306
146 482
842 601
366 710
800 798
545 896
345 572
587 13
536 339
207 114
779 895
687 94
618 307
720 203
239 871
4 117
42 192
116 79
101 285
891 61
305 264
253 178
192 876
429 529
356 567
838 802
177 793
786 905
877 147
127 372
73 645
164 722
259 539
888 329
374 439
893 712
748 128
270 185
623 277
221 256
535 233
349 310
777 370
304 528
136 189
615 458
654 148
183 708
93 817
523 648
817 93
680 585
260 149
210 382
729 60
303 17
254 847
464 253
887 343
29 843
838 377
506 254
329 708
327 433
791 73
615 818
200 496
674 499
90 641
778 590
891 638
13 446
56 640
589 117
899 421
738 135
116 204
134 639
824 645
859 211
255 305
699 199
717 48
852 648
709 83
89 279
90 399
354 264
335 853
501 2
377 12
378 130
503 124
214 442
329 145
662 701
845 115
385 74
846 820
6 890
526 694
716 173
865 749
665 51
533 219
656 815
859 869
696 321
751 247
366 328
24 543
595 488
302 571
372 55
27 33
487 155
272 285
435 763
900 346
792 835
268 388
652 862
263 412
818 264
196 575
505 515
597 310
301 356
471 131
42 574
457 625
575 212
315 802
411 22
12 104
160 865
589 429
111 546
185 863
20 469
75 824
210 506
393 810
102 820
235 628
348 762
295 616
251 491
830 902
804 293
73 328
11 635
411 126
465 717
654 483
877 660
803 625
382 711
76 744
355 886
196 145
898 64
612 537
831 505
797 846
637 527
317 788
657 164
235 621
735 296
349 168
286 380
803 82
860 620
478 824
580 843
816 876
232 430
145 829
37 300
664 778
743 755
397 9
552 59
573 347
242 279
248 18
101 673
532 382
771 405
717 774
367 198
538 734
709 886
659 779
516 359
848 842
557 878
579 119
462 537
28 521
531 760
878 783
790 253
334 226
834 859
356 704
584 217
875 7
340 823
822 514
235 356
381 712
882 568
438 11
729 155
731 382
437 12
19 609
848 519
209 616
873 206
124 555
475 179
419 670
846 422
849 386
205 177
560 891
760 728
619 213
620 170
108 572
571 406
700 114
336 805
298 100
137 623
835 151
713 887
346 319
473 738
786 305
4 355
561 699
653 277
322 145
177 751
53 734
422 774
88 245
26 342
893 865
252 20
751 391
556 375
578 644
773 565
616 761
160 474
843 327
438 890
461 571
190 746
145 622
534 894
204 117
118 36
222 88
704 362
807 707
802 100
366 31
521 111
649 629
744 171
879 231
258 600
759 333
588 375
300 451
780 424
35 872
639 29
772 790
328 375
534 155
863 307
882 589
281 39
887 276
64 774
857 801
531 566
785 407
894 819
788 530
365 522
204 648
6 4
465 904
46 336
565 214
128 760
292 59
24 366
387 178
775 336
155 587
136 519
380 538
231 765
615 431
664 499
97 54
406 824
574 284
281 805
67 906
837 146
145 21
845 210
203 283
581 651
78 692
465 315
362 542
509 146
439 284
208 168
31 390
134 533
474 572
88 803
396 113
739 196
500 141
800 667
780 673
693 533
582 861
560 205
845 389
631 526
7 165
447 535
548 415
87 781
788 494
314 824
173 440
642 770
108 889
758 784
202 88
723 461
211 289
512 546
548 160
623 470
806 18
419 675
851 676
491 500
593 624
44 892
707 421
801 611
825 178
789 481
21 258
847 95
338 61
735 861
777 127
141 83
90 336
642 5
883 906
648 804
146 775
121 611
672 186
394 263
748 442
108 332
92 841
817 589
527 229
271 108
751 635
97 89
890 221
66 62
211 516
858 2
575 372
877 26
115 416
467 700
137 217
799 193
567 766
272 330
326 541
202 74
6 480
615 722
528 726
410 901
802 387
127 505
492 605
54 508
479 865
868 477
742 100
442 738
203 564
522 344
816 698
727 730
655 548
527 787
627 149
4 316
207 792
64 207
355 13
815 20
140 300
838 415
87 578
511 694
826 734
3 563
743 843
436 599
790 664
367 441
22 187
61 553
50 653
604 84
54 61
220 224
754 872
226 731
575 111
815 625
523 880
662 147
286 826
617 541
657 520
431 189
840 540
14 131
755 254
495 721
496 806
334 10
382 893
370 861
353 540
746 93
636 743
362 834
221 828
672 152
171 360
728 707
65 26
215 882
681 644
204 586
501 461
48 332
726 707
732 644
344 690
627 583
184 467
154 450
743 260
451 668
196 22
878 308
312 160
406 675
761 93
620 224
880 424
492 473
238 344
685 284
887 303
415 704
548 894
96 480
668 363
686 126
72 180
660 74
757 645
495 146
523 242
33 143
345 893
757 566
23 12
595 177
15 39
200 636
58 656
166 346
187 508
686 22
174 437
589 761
521 767
799 194
874 652
69 214
846 495
487 694
532 465
170 738
445 293
182 83
863 603
388 771
485 34
68 94
514 231
662 610
718 48
743 24
85 765
732 738
19 150
851 203
346 100
853 366
573 554
745 349
229 372
357 143
253 547
454 748
454 177
753 559
771 539
665 60
521 263
81 754
80 390
514 254
610 343
339 672
60 207
519 501
228 344
787 869
696 906
241 392
519 821
62 195
132 65
700 577
866 559
225 413
426 189
372 657
66 324
181 814
859 129
735 201
518 609
79 479
409 140
541 843
621 647
841 177
550 539
554 93
371 350
888 372
248 19
620 859
567 299
167 292
575 630
646 389
138 570
821 871
58 594
169 347
603 697
803 43
715 791
166 2
766 856
785 274
150 561
27 473
34 515
788 435
293 310
115 759
519 758
352 476
904 826
874 520
286 666
413 50
808 150
883 305
156 395
724 10
588 503
699 131
366 509
460 527
134 218
484 840
34 683
770 97
457 279
572 53
901 47
65 775
355 432
546 728
197 349
767 138
390 416
617 725
600 716
251 870
51 325
785 565
537 577
168 902
278 682
427 812
870 570
605 274
806 70
82 378
65 466
393 176
153 603
641 7
537 808
464 267
120 424
780 1
431 898
761 614
414 681
734 119
611 309
352 657
721 437
596 380
870 184
629 500
755 79
618 653
379 620
529 545
625 34
346 517
827 452
314 241
445 772
340 656
167 653
365 45
239 57
519 588
848 606
632 219
120 431
696 634
711 819
712 147
35 574
606 165
626 328
480 386
5 584
724 432
448 310
546 605
605 776
456 726
145 896
644 196
510 759
222 488
300 36
513 189
587 402
808 880
699 605
192 367
375 92
13 335
629 31
494 879
344 148
380 421
398 60
790 770
865 502
725 311
484 603
712 852
500 352
308 297
240 175
241 726
353 766
797 581
375 164
71 250
498 832
861 350
681 277
591 373
61 629
99 245
134 820
678 748
899 721
149 888
98 39
64 789
232 706
327 103
55 553
408 760
355 102
286 178
8 44
488 778
324 400
270 315
76 561
118 10
161 224
512 796
639 508
730 440
58 346
420 325
773 652
131 722
390 190
726 676
152 440
549 480
645 119
422 751
95 174
357 895
563 572
529 636
96 556
596 7
392 744
707 28
232 786
819 173
216 150
783 270
544 44
772 29
233 819
461 98
724 600
377 389
825 95
453 718
790 18
131 60
778 704
447 32
103 642
597 654
881 115
20 665
115 797
791 444
759 118
376 239
530 743
396 31
396 659
718 163
442 880
208 45
890 697
893 413
505 208
108 526
589 398
366 708
256 467
86 486
377 792
522 296
264 77
846 725
857 338
100 711
496 652
650 55
314 69
577 390
851 150
317 899
373 172
641 340
623 492
332 545
387 150
817 171
394 76
725 255
148 518
223 225
745 582
847 577
503 228
233 512
483 353
237 56
274 194
700 381
286 318
688 55
631 428
160 37
180 168
592 216
791 600
299 197
835 57
636 702
487 76
307 39
642 715
117 841
448 855
85 427
50 383
158 441
509 357
255 266
807 675
153 638
889 255
119 156
11 194
639 837
766 232
71 691
795 481
317 238
280 225
797 324
744 592
804 199
536 466
591 628
798 523
858 648
380 129
163 166
209 367
52 792
218 215
36 114
718 419
352 160
715 478
463 258
549 114
22 617
459 442
97 147
350 319
568 205
514 817
363 365
698 373
419 313
667 719
483 714
262 746
431 673
694 745
56 632
715 692
203 763
899 551
574 787
258 536
25 456
746 770
47 44
782 380
587 740
492 114
754 600
311 86
168 789
228 592
765 525
714 737
307 141
566 702
293 482
308 109
654 286
418 11
720 663
650 686
33 672
660 379
769 735
221 753
296 184
544 788
194 94
729 134
566 787
864 464
337 304
136 656
392 37
124 453
821 345
824 40
532 790
791 43
741 647
733 376
290 642
861 366
330 864
60 812
389 94
616 814
726 345
140 481
163 548
109 772
868 43
161 135
284 475
360 412
159 99
396 679
203 141
594 759
594 397
817 524
561 860
67 23
537 175
269 282
697 295
476 738
794 305
726 481
301 799
358 336
436 827
310 23
850 581
266 89
656 321
877 359
664 844
846 553
120 247
462 748
564 604
212 105
512 586
822 299
418 366
720 749
58 396
494 61
556 533
637 360
568 59
694 858
128 653
823 610
314 254
357 630
29 249
378 461
837 759
255 476
147 447
572 63
666 635
596 835
561 253
816 579
458 500
556 491
124 465
225 736
796 396
891 118
769 281
573 137
44 601
388 430
445 75
601 730
748 804
858 171
309 262
149 842
758 373
81 175
784 618
108 589
732 458
511 528
134 407
750 873
342 671
825 252
347 157
629 751
175 314
894 733
753 479
76 703
38 66
331 212
187 254
278 102
6 411
890 333
66 795
89 541
182 450
771 163
165 178
669 106
673 548
158 619
730 104
731 900
733 461
772 373
454 714
444 115
894 160
180 643
304 90
450 834
309 82
663 25
385 610
903 213
27 827
212 312
589 410
328 490
362 638
544 644
462 228
212 408
766 406
327 549
880 533
249 193
755 22
460 796
62 568
