1000 9882
450 144
181 96
823 721
111 227
575 144
741 120
296 975
773 449
128 259
522 67
769 526
990 552
664 356
424 521
5 84
482 259
19 743
508 833
711 374
553 620
976 885
977 572
27 341
299 712
856 699
716 159
506 654
61 974
701 875
735 702
87 670
329 494
238 542
60 266
499 794
734 814
868 433
835 712
969 734
680 647
19 535
830 973
782 640
725 526
714 874
649 541
912 185
788 175
607 266
538 271
581 363
378 758
795 261
49 406
987 573
365 941
586 789
771 957
520 763
940 796
387 932
25 506
867 607
112 739
314 35
595 142
234 282
229 5
983 252
200 693
733 917
348 437
223 571
777 619
119 506
580 120
584 123
169 970
424 824
868 819
9 322
768 17
350 581
632 470
744 240
906 163
952 477
792 262
81 321
389 152
802 355
808 764
315 594
354 378
437 766
412 94
696 81
694 556
682 108
169 183
721 386
243 834
62 138
209 694
698 921
216 246
714 605
109 149
492 35
43 859
169 192
813 791
208 618
178 782
364 101
437 991
776 199
795 165
635 418
636 985
566 820
277 539
738 506
491 251
168 38
41 824
4 436
853 313
835 962
947 316
40 480
451 550
767 20
861 207
993 63
136 930
433 96
650 714
879 543
456 479
37 622
426 763
387 627
486 239
289 545
70 494
715 999
936 984
245 636
817 75
553 704
529 607
606 602
213 200
975 270
281 310
390 112
176 44
414 122
487 608
346 340
670 194
607 947
205 431
869 152
707 821
72 508
292 737
816 136
971 585
642 555
458 876
376 705
608 508
973 140
388 774
337 682
29 767
507 6
129 678
539 683
887 251
7 701
446 487
912 807
35 984
787 41
511 711
185 383
756 962
815 511
925 331
564 189
947 815
35 937
638 1000
422 207
835 610
146 133
888 836
761 570
786 437
848 902
840 822
88 59
987 953
827 528
184 526
946 190
583 183
732 659
364 367
995 727
762 182
801 882
992 959
207 80
598 643
235 363
272 255
992 814
865 16
205 527
171 899
941 155
248 14
871 94
983 608
565 762
898 206
738 497
410 404
395 72
10 53
555 694
756 221
663 675
847 134
281 353
564 904
999 331
418 26
534 436
383 998
45 673
797 542
322 422
917 165
519 49
831 483
924 647
893 38
77 25
760 869
869 13
906 25
601 679
472 625
82 646
111 206
518 122
133 936
731 85
254 706
518 21
722 624
650 149
323 455
327 503
38 878
721 296
796 286
319 824
473 103
517 212
4 953
69 209
160 87
332 741
258 71
751 749
522 653
687 853
209 766
139 995
104 468
378 31
23 365
743 738
84 365
584 813
895 935
883 935
809 968
5 563
463 779
424 265
939 697
576 892
10 894
469 535
309 802
757 164
4 396
122 365
179 926
201 122
787 735
292 135
278 982
5 870
102 298
1 307
130 217
984 670
326 573
738 405
809 905
10 434
263 36
121 397
140 817
128 809
171 653
466 835
709 133
603 654
231 705
443 465
565 582
547 967
551 567
113 527
440 329
243 188
911 415
949 840
312 259
609 755
81 442
869 33
137 376
966 259
327 693
312 242
833 592
464 477
671 396
869 259
156 338
712 450
441 684
407 451
415 820
934 464
5 484
321 55
817 906
326 288
916 554
156 999
787 831
769 856
302 101
981 253
428 323
748 152
179 175
792 790
278 289
481 427
921 72
619 909
286 876
412 575
142 464
572 285
700 458
519 774
701 127
89 719
128 713
550 332
383 405
317 999
643 518
323 630
477 225
743 202
379 959
608 695
993 131
520 621
45 46
619 457
158 727
624 417
1 136
438 103
520 764
45 191
729 810
966 713
334 167
172 70
854 942
654 794
513 134
275 618
488 130
896 185
401 765
258 612
501 900
82 742
194 812
158 147
824 459
972 707
922 399
542 53
233 652
472 980
211 826
247 601
498 720
133 113
561 638
288 345
437 651
61 783
463 655
899 599
95 48
341 464
456 806
41 396
284 574
812 879
744 845
946 441
490 525
986 918
550 63
437 990
339 864
706 355
322 622
655 336
607 75
256 896
369 521
407 939
447 505
710 320
838 405
35 456
142 428
93 322
131 957
649 568
64 72
463 112
347 109
302 54
456 738
889 12
987 747
310 380
2 37
330 406
315 22
443 93
483 920
40 185
875 958
527 729
783 835
735 602
362 556
542 714
724 809
762 484
949 716
698 844
145 964
572 869
3 546
178 126
524 192
818 485
31 464
346 418
77 274
3 691
563 7
499 547
896 278
418 102
337 126
854 549
926 470
169 763
343 32
751 167
698 17
662 444
914 423
108 846
73 917
609 571
646 96
371 728
688 137
122 734
263 560
727 15
696 673
751 901
440 95
811 48
578 733
252 476
125 586
20 458
756 604
234 834
186 929
512 912
692 107
89 218
806 215
799 938
981 83
894 524
796 72
65 498
106 654
400 377
143 792
183 518
95 202
207 396
545 953
141 14
587 34
266 636
788 828
961 809
197 503
677 61
196 765
499 755
597 886
429 164
935 17
325 83
970 920
398 673
887 973
121 150
529 143
35 194
988 292
125 971
426 845
469 965
694 743
629 167
286 352
491 546
496 892
79 299
101 303
286 243
785 262
453 610
970 604
20 827
498 333
901 55
46 531
656 323
31 325
768 781
920 248
519 48
243 163
617 914
618 509
727 205
565 658
432 818
821 312
436 289
254 993
898 563
518 232
544 915
199 241
138 933
831 847
87 195
16 704
769 262
848 505
955 575
24 203
81 494
121 925
786 579
659 307
988 573
774 623
422 447
794 866
782 431
379 126
342 102
273 685
695 678
185 297
901 35
939 240
759 275
961 344
107 277
401 257
293 307
187 784
422 153
544 351
817 877
655 69
401 240
468 758
327 20
113 136
645 191
840 311
687 852
85 34
612 894
473 768
554 251
316 218
227 273
28 198
93 488
991 467
959 689
221 324
149 551
95 447
26 338
814 299
302 255
892 747
72 524
514 447
474 864
880 163
383 496
520 788
118 871
266 596
823 472
644 701
573 241
390 765
176 681
799 89
43 753
495 1000
831 834
910 116
617 562
562 245
943 592
608 795
864 501
95 123
991 804
806 919
257 74
684 311
958 722
850 75
34 156
733 798
385 302
919 510
813 230
409 672
558 682
628 155
206 817
620 604
335 727
474 491
159 389
822 207
958 927
717 108
220 516
744 150
817 606
64 905
388 223
869 258
621 831
197 269
170 19
601 973
639 781
783 103
53 326
990 697
520 357
762 696
375 383
930 616
680 619
934 32
402 209
27 196
193 252
875 504
355 378
955 347
240 49
402 352
297 78
49 541
855 663
144 823
809 62
973 9
550 498
921 530
334 633
649 515
923 172
687 63
987 785
734 254
386 14
150 95
889 119
157 881
50 227
732 971
65 350
257 795
828 470
900 571
564 654
23 820
232 701
598 712
608 840
535 217
432 977
171 970
598 827
710 801
876 569
126 40
827 7
497 664
974 858
477 386
135 60
894 45
163 143
519 346
923 252
923 665
963 340
341 712
604 66
306 701
842 603
153 278
708 32
875 529
896 186
950 493
256 132
314 259
210 432
357 431
949 171
586 727
666 301
966 840
63 29
356 105
48 298
391 538
128 370
226 621
209 734
850 627
501 677
1000 28
911 264
177 795
414 984
901 263
26 820
544 697
686 868
897 426
898 908
42 58
649 18
553 590
899 598
296 417
601 858
400 399
200 945
23 295
566 157
821 982
952 795
813 934
444 79
156 891
748 253
232 77
420 160
863 220
425 782
887 714
299 869
970 18
644 855
689 350
259 243
886 390
980 79
254 300
438 951
840 583
25 338
121 249
582 30
883 557
610 335
408 501
541 795
106 254
296 682
261 696
64 646
192 459
710 781
549 385
167 514
831 747
915 708
453 397
828 591
888 162
803 411
897 66
497 998
29 863
512 295
986 354
570 101
151 55
516 899
24 65
744 304
216 745
656 518
38 614
259 855
186 733
315 97
858 203
622 288
808 956
471 716
44 353
320 758
190 981
432 708
950 666
129 676
60 648
706 182
299 372
530 488
108 764
894 999
643 667
402 119
902 936
191 435
319 607
520 396
34 484
688 497
911 680
19 480
79 720
960 322
409 508
757 325
411 154
775 874
415 690
75 777
183 133
148 718
205 811
859 464
50 216
714 51
607 332
165 761
353 905
740 867
468 430
876 355
847 98
49 481
998 992
345 954
490 181
236 593
21 139
707 612
90 622
309 640
277 98
353 708
997 787
559 636
244 693
263 994
237 670
118 154
717 584
134 671
950 58
309 418
516 976
668 879
154 689
142 578
627 72
935 259
683 298
96 384
243 339
831 370
906 7
691 807
927 943
821 424
215 905
271 907
219 458
350 624
721 12
149 491
150 796
815 718
726 511
588 500
366 510
42 464
479 165
261 114
906 377
963 872
910 353
90 942
986 11
470 424
661 497
540 742
820 150
658 281
787 71
222 360
259 766
597 356
51 25
433 695
915 491
590 547
295 301
174 638
766 865
109 859
200 969
113 280
442 830
778 992
906 914
621 192
170 624
69 398
235 922
127 152
202 33
19 621
115 704
260 897
417 854
163 342
127 105
938 524
870 963
11 666
30 549
415 436
50 483
109 671
244 186
979 73
505 722
627 788
17 234
524 939
407 545
266 951
729 675
489 198
737 120
774 551
592 660
188 944
618 173
234 146
241 758
681 593
846 437
732 346
832 707
78 283
541 362
620 59
880 767
20 984
846 36
578 862
505 782
270 608
293 769
185 136
385 350
193 425
124 395
287 595
565 779
220 662
147 379
360 113
604 780
643 932
863 513
975 919
467 848
564 418
690 805
86 954
497 25
6 283
487 38
403 8
298 237
463 693
998 894
232 113
610 514
354 196
959 865
874 927
393 384
307 198
100 951
529 377
144 921
36 671
678 90
256 823
576 956
729 432
679 835
801 621
530 101
199 850
270 344
610 215
316 110
122 429
361 915
822 800
828 241
577 439
117 118
176 616
249 38
140 147
14 652
254 305
167 224
700 443
562 436
176 711
782 766
396 500
35 268
558 184
580 528
887 948
582 66
930 321
396 331
883 449
653 301
250 666
694 443
306 600
418 894
955 77
975 390
686 207
300 13
286 200
319 704
897 101
182 588
766 317
333 938
62 68
278 572
814 738
674 369
747 589
909 758
180 762
72 451
915 905
238 304
538 736
483 395
709 413
855 419
698 490
498 116
996 203
635 541
138 165
786 633
843 616
406 878
9 208
364 668
717 224
455 111
204 53
646 164
282 710
337 732
923 636
720 4
536 782
848 224
441 718
118 454
321 96
809 731
332 288
61 894
498 568
429 762
891 51
454 855
844 459
773 961
153 712
460 508
563 277
766 780
820 364
622 816
255 265
188 470
5 760
338 583
65 389
729 174
964 963
16 789
164 351
624 506
136 760
106 586
732 650
140 183
514 356
897 532
619 704
36 531
955 988
157 852
529 161
912 55
862 319
480 105
961 542
931 994
880 970
386 309
736 996
925 764
11 896
323 882
199 216
182 171
37 764
496 850
336 519
500 826
600 616
49 166
747 267
710 669
287 868
56 646
823 86
258 618
703 556
794 328
334 829
452 308
555 621
205 428
885 570
959 263
64 980
449 602
12 524
987 360
9 274
380 37
586 712
937 846
385 567
389 455
138 857
53 106
132 383
704 898
501 696
622 144
436 21
39 408
497 33
208 924
997 404
998 695
30 741
342 203
803 935
74 573
259 645
351 43
208 811
971 793
673 407
192 735
982 266
70 720
200 942
384 472
5 331
189 62
892 483
765 875
523 915
634 769
19 592
918 332
900 335
494 818
61 213
526 385
142 398
81 443
933 385
917 637
232 871
528 436
269 650
823 359
456 367
314 789
421 991
667 795
427 542
500 120
687 468
747 201
654 519
470 656
362 121
127 827
349 365
28 838
547 206
215 324
805 522
55 447
104 607
46 678
379 583
343 137
647 232
854 673
888 191
120 297
655 749
803 438
385 369
538 681
560 161
355 575
358 694
949 881
882 308
55 754
388 967
264 717
747 674
911 309
129 997
385 531
479 791
835 7
945 635
657 84
52 283
660 986
640 390
195 430
313 354
134 400
360 835
269 439
416 85
807 955
421 204
207 735
298 153
526 801
213 106
606 499
237 404
619 323
623 544
297 80
209 780
726 811
86 458
566 832
970 329
862 187
135 641
142 507
607 141
59 427
701 88
313 911
598 448
839 814
309 815
606 79
625 956
900 690
630 81
558 818
141 274
262 741
861 131
576 29
563 808
690 45
230 498
185 723
153 109
634 382
407 544
249 724
729 614
894 164
326 560
183 89
846 267
719 59
334 479
428 96
429 313
805 558
275 559
186 94
480 383
656 885
301 895
1 67
167 858
723 282
651 9
428 134
379 464
138 78
94 933
664 758
148 5
688 18
318 685
216 819
142 607
768 922
373 489
509 734
812 435
336 124
302 929
642 750
904 473
265 1
873 820
964 389
833 454
56 105
55 869
39 416
969 879
878 417
695 821
520 359
761 661
8 42
359 677
360 605
490 532
535 678
866 219
294 848
333 822
504 904
623 233
285 691
622 644
364 140
977 568
576 812
938 719
939 666
924 366
412 570
568 704
994 230
979 262
504 870
925 884
14 653
736 529
734 252
890 347
671 725
193 574
96 49
515 121
221 72
442 279
44 455
282 508
842 476
124 885
984 718
546 419
992 233
165 513
990 838
758 896
119 946
607 732
68 348
362 945
73 418
667 624
500 807
428 68
232 605
675 93
548 213
695 6
558 266
564 835
301 867
90 982
632 141
980 719
641 127
695 292
717 300
759 913
929 292
552 989
661 436
204 336
169 46
812 407
560 504
155 956
651 787
191 42
410 911
694 919
60 887
100 16
17 588
18 287
165 476
350 984
449 441
215 662
593 290
901 121
830 81
778 756
341 108
605 975
29 879
501 374
156 87
765 981
199 19
520 402
667 325
429 522
431 204
895 860
571 801
352 633
723 602
300 761
925 566
909 400
1 700
130 344
517 348
579 346
425 780
45 587
307 368
178 401
403 837
978 519
10 821
943 839
377 244
759 907
515 964
847 283
995 524
616 823
909 196
857 563
211 234
534 211
956 161
905 869
780 119
379 860
269 758
519 666
131 749
872 843
210 78
248 101
267 29
804 204
292 952
612 821
279 658
695 106
680 449
572 727
389 429
64 934
450 387
162 15
613 318
638 963
416 398
896 152
992 305
561 812
664 6
530 693
582 762
803 763
487 834
823 740
826 184
77 962
247 310
625 503
694 883
621 567
475 866
655 844
142 817
329 878
332 103
445 832
906 466
32 427
454 918
425 172
318 161
41 348
977 632
543 825
178 863
195 967
344 395
161 619
736 925
47 526
240 236
166 196
520 219
959 521
799 804
900 441
903 778
838 357
697 619
761 93
633 850
226 149
246 208
732 242
583 179
731 836
614 591
631 679
944 935
46 235
908 194
947 284
788 792
615 883
581 303
709 506
148 558
240 519
689 838
129 399
2 951
811 695
116 716
908 439
508 435
605 91
495 956
439 799
702 316
906 848
447 304
5 20
104 751
485 94
984 851
288 845
42 557
977 510
186 981
53 221
920 106
541 93
264 718
397 910
659 455
111 202
648 596
976 193
498 189
597 194
998 630
105 485
821 39
255 831
56 223
402 951
555 816
298 100
426 49
380 434
51 420
267 675
125 619
990 561
256 400
389 220
137 179
839 340
379 809
660 825
19 179
369 138
964 673
407 296
924 246
763 70
734 709
115 812
367 752
299 624
801 470
605 680
843 127
78 718
903 985
152 878
863 445
929 522
309 681
268 295
17 225
1 740
878 966
311 451
408 738
905 626
54 611
790 279
576 239
207 131
248 336
671 752
533 767
614 236
280 587
126 811
13 343
343 560
325 453
16 854
457 853
277 162
81 609
478 765
118 516
68 377
306 434
269 574
71 886
510 210
572 953
556 470
349 368
310 40
817 6
211 275
233 207
207 589
680 266
629 809
745 292
564 872
818 442
715 816
129 181
844 507
837 749
23 284
418 173
238 282
954 971
119 493
543 415
376 543
105 167
983 68
949 852
419 557
100 494
531 684
15 327
53 48
608 457
916 498
284 1000
498 161
975 913
157 18
582 861
234 743
74 912
313 268
665 551
208 982
857 463
195 720
604 33
677 604
440 137
243 300
667 492
677 557
476 802
826 709
938 27
632 780
173 894
625 69
618 440
723 720
950 54
924 73
946 401
431 43
311 513
795 220
100 512
620 335
634 223
66 515
767 281
201 824
546 956
822 977
435 507
511 172
41 848
969 396
685 312
819 654
468 480
845 690
701 718
45 439
444 601
728 724
269 546
222 706
999 318
103 325
145 877
441 310
777 652
172 66
465 456
391 992
183 322
996 407
384 871
252 250
896 189
271 815
148 26
721 936
208 261
581 716
30 66
417 15
59 574
379 303
544 990
262 881
485 328
259 856
437 501
81 299
246 623
561 993
234 731
863 756
134 462
7 596
527 429
964 521
60 834
791 78
167 274
133 142
407 483
1000 317
964 664
414 761
532 452
187 861
223 11
960 603
601 863
240 193
846 842
481 745
842 708
880 796
485 925
668 638
18 992
830 771
389 583
106 569
929 562
142 257
937 95
539 191
776 347
170 566
781 214
417 931
370 965
22 218
279 233
999 158
452 795
988 429
59 323
649 653
304 426
842 166
573 310
20 717
58 376
311 94
115 841
463 259
406 966
286 264
345 972
269 582
328 30
166 982
188 634
228 575
157 485
141 652
435 915
78 25
543 49
324 505
577 653
203 760
388 606
705 556
764 959
376 1000
471 491
422 693
157 725
975 555
389 436
283 518
363 911
604 839
785 923
169 730
149 468
677 818
54 467
859 337
212 975
829 584
30 747
22 715
967 830
513 723
496 153
761 739
468 791
207 709
892 226
95 16
575 282
230 825
714 634
236 234
734 377
990 775
887 389
748 845
195 855
883 974
634 164
731 982
808 281
792 850
709 711
801 644
343 969
161 805
152 959
546 996
586 485
793 645
23 776
945 104
637 918
753 26
585 811
213 746
179 566
438 769
114 501
480 119
871 85
457 777
629 163
991 972
102 109
28 832
768 739
939 397
434 555
625 772
187 225
851 326
484 421
380 758
915 741
736 6
275 642
874 830
958 645
244 357
707 903
263 221
211 596
231 553
660 279
485 843
524 454
966 823
873 701
161 525
20 37
141 995
91 152
988 650
867 930
713 218
265 235
986 103
590 285
114 106
423 846
660 356
635 948
997 293
433 970
30 692
488 267
133 495
133 181
62 101
621 217
490 796
199 180
790 889
296 493
205 385
429 687
543 911
291 722
904 920
455 479
765 772
946 490
434 214
334 839
722 945
83 709
523 800
748 177
681 9
369 725
279 160
11 526
249 15
840 678
258 492
26 112
391 328
514 221
135 839
541 960
432 406
896 517
733 958
129 490
771 839
223 926
185 947
996 621
499 15
962 653
944 384
764 513
301 365
44 33
543 9
488 171
215 72
551 562
128 76
536 377
935 339
258 963
927 954
299 245
707 240
963 154
72 532
450 379
864 821
574 608
223 594
684 224
868 773
171 63
793 479
212 801
829 942
972 785
886 673
268 424
610 12
587 580
369 75
920 869
774 27
191 278
564 348
394 628
8 710
971 370
450 202
989 997
132 192
151 612
692 440
694 602
244 10
642 342
852 582
268 535
434 363
777 808
880 263
471 836
478 96
100 946
446 642
855 546
179 5
204 477
825 507
222 101
539 293
763 525
744 741
595 362
891 886
766 870
602 719
945 610
288 411
697 561
239 994
661 982
443 761
852 139
898 863
606 158
535 390
758 117
999 885
748 443
334 295
623 917
775 548
90 368
505 258
527 595
805 797
273 388
624 234
28 746
305 995
641 290
24 732
611 672
776 843
634 515
928 946
768 683
989 355
976 590
371 52
318 621
603 737
306 697
150 526
963 233
12 619
125 238
703 97
312 437
609 673
465 233
546 178
641 238
551 935
698 489
916 32
265 929
760 674
247 300
983 879
859 86
303 375
751 108
260 339
88 634
660 924
868 31
139 187
161 355
643 675
590 452
385 891
523 573
963 690
548 984
381 889
113 251
496 205
960 604
602 385
57 524
829 374
326 400
439 196
60 292
170 676
45 568
482 242
932 273
782 935
255 411
292 407
222 208
148 352
527 913
439 369
14 791
466 305
783 680
642 300
736 575
771 80
679 843
644 224
975 208
653 108
177 179
689 12
913 775
442 297
119 995
926 543
853 549
823 141
844 872
558 74
137 532
837 497
287 976
788 715
201 279
129 466
955 106
153 468
603 604
767 961
534 418
771 556
594 121
690 676
323 917
607 953
955 328
237 667
744 421
526 169
17 883
287 647
664 803
760 847
542 139
524 434
394 347
358 536
803 765
116 538
778 37
467 433
466 697
582 779
713 712
574 651
337 684
192 862
29 238
596 659
948 288
167 847
368 710
925 468
838 927
531 965
234 847
553 541
834 110
94 112
985 490
398 255
882 802
919 427
744 799
671 207
484 538
602 357
821 901
976 144
109 883
627 970
297 121
654 95
485 944
434 130
36 722
166 341
905 459
545 916
112 135
828 197
153 971
207 312
951 38
946 184
107 124
35 491
861 779
308 957
59 497
122 339
396 40
568 617
92 383
457 46
700 126
120 880
343 192
991 958
616 932
46 459
828 265
748 47
832 844
283 900
253 142
24 276
704 438
867 834
177 266
305 349
589 453
129 175
613 463
618 87
837 759
627 223
149 277
707 791
909 881
355 689
928 567
346 84
110 165
187 284
404 308
150 784
751 52
121 928
765 343
237 222
740 139
578 314
934 970
701 949
521 138
36 962
730 16
472 768
694 639
991 171
539 570
540 785
333 557
118 269
782 210
531 78
847 1000
77 896
21 880
812 925
908 604
912 551
749 502
327 160
203 414
395 704
967 464
938 726
465 772
796 216
502 313
434 57
109 633
338 413
925 877
145 315
735 874
738 218
169 333
157 872
268 7
878 806
663 398
261 986
614 504
923 485
211 55
213 653
804 32
201 205
827 129
365 962
525 120
171 997
482 766
672 914
896 518
970 667
992 191
96 100
166 908
281 214
912 3
713 251
842 465
415 80
387 990
763 945
901 573
484 297
675 128
569 645
453 722
241 468
665 410
505 678
584 70
531 577
806 709
791 906
636 298
375 822
983 55
911 266
490 89
650 32
246 513
392 304
781 778
364 692
436 89
437 256
220 944
631 406
634 663
802 342
973 479
372 922
265 480
928 160
412 113
565 181
694 603
868 152
682 115
249 494
527 105
238 950
131 280
350 172
744 855
193 247
139 204
676 616
971 32
256 779
611 9
297 177
875 396
13 181
360 751
126 518
843 517
866 73
631 843
250 226
468 157
539 66
408 704
500 366
121 119
800 406
434 940
418 553
201 911
457 21
143 285
710 120
73 69
236 759
864 328
476 134
480 65
361 122
207 22
983 689
568 912
449 817
900 951
867 700
727 588
693 844
694 447
642 26
755 703
921 81
957 915
135 59
301 207
49 190
582 352
417 434
698 805
978 245
228 916
413 806
412 739
168 683
388 612
153 281
390 30
431 966
893 119
768 970
141 840
186 339
663 967
403 863
889 656
423 285
323 214
371 20
881 544
608 376
717 442
755 251
168 969
163 718
94 678
755 360
649 315
212 949
268 839
271 124
94 561
42 404
706 175
542 473
284 505
602 108
603 221
52 77
270 188
181 879
114 258
596 642
906 396
513 614
492 139
312 865
576 766
29 476
92 848
734 643
593 705
3 715
451 979
692 179
472 22
878 674
701 187
944 848
32 846
895 869
198 223
130 343
667 100
117 421
944 815
748 9
666 308
191 943
984 399
398 719
58 548
149 715
478 409
918 526
140 2
572 29
993 48
524 920
392 456
309 518
667 928
337 453
743 117
859 600
82 429
839 678
111 767
93 768
477 481
150 457
299 49
874 119
124 634
784 275
732 121
659 394
316 14
721 744
44 91
648 350
998 156
251 633
196 174
199 727
73 701
275 729
883 108
702 656
519 458
647 17
794 711
890 912
998 367
964 171
306 813
471 485
976 841
650 390
988 672
369 304
100 416
872 409
66 368
105 270
694 886
759 660
579 18
160 868
787 550
905 14
464 298
618 583
971 317
865 786
517 249
39 357
846 591
708 596
472 212
56 403
790 706
562 933
688 744
639 593
431 124
144 598
610 953
191 147
496 121
933 643
134 869
505 253
621 215
678 102
165 49
985 412
45 539
463 828
320 38
672 459
987 958
307 288
736 766
420 193
369 559
26 376
544 245
598 440
782 819
198 74
455 569
258 151
645 537
639 149
790 249
41 942
336 810
689 206
904 620
796 522
214 975
36 151
257 838
797 836
870 826
582 142
162 733
658 694
348 48
546 891
561 385
266 879
287 951
842 442
793 86
940 995
499 53
45 911
555 46
909 600
706 971
418 21
648 924
129 174
378 556
719 833
926 421
788 462
937 908
738 861
113 92
56 900
632 311
618 374
466 523
394 380
38 903
848 511
902 220
392 277
587 602
913 646
601 586
416 250
753 263
181 822
274 248
132 238
333 603
782 288
363 536
768 510
329 664
277 920
373 719
191 466
30 596
737 187
52 948
517 110
440 897
204 863
501 299
339 704
691 279
209 768
726 815
445 293
304 647
732 735
495 675
866 21
95 421
377 192
733 291
236 381
47 311
145 715
516 494
499 868
480 166
176 687
619 85
124 877
269 682
988 262
457 858
961 730
954 261
846 271
24 706
500 975
174 392
840 356
975 348
79 267
722 120
280 923
281 326
542 913
817 148
93 677
159 132
31 406
141 722
401 889
736 36
404 4
978 161
559 908
788 340
766 192
894 277
57 344
457 662
793 332
393 894
871 575
52 421
497 575
738 976
375 817
472 592
971 534
973 252
186 670
886 679
9 191
835 231
233 665
859 253
972 948
36 689
506 290
863 290
243 705
299 691
262 581
256 750
576 659
599 689
846 647
708 684
551 342
882 875
956 742
792 639
226 903
908 577
772 16
395 751
344 245
435 222
718 971
222 250
210 546
965 658
92 514
801 582
520 167
369 759
444 135
616 688
931 751
550 327
956 42
830 727
948 646
185 642
901 682
594 990
482 528
466 109
505 22
182 337
239 416
476 54
885 158
188 994
101 399
893 675
107 754
235 909
607 673
276 269
600 401
339 487
286 162
552 276
1 50
827 394
385 147
748 19
656 370
324 384
344 889
561 171
547 1000
44 685
862 31
437 374
941 672
121 893
911 504
841 532
122 265
647 459
843 623
551 822
81 541
686 767
450 127
622 249
716 326
627 293
8 285
543 547
268 983
945 559
494 479
521 193
817 862
658 346
713 6
332 202
322 327
668 620
825 420
679 257
683 834
942 589
231 446
934 209
390 883
648 393
80 699
580 972
320 74
467 141
838 396
344 832
40 89
519 867
758 87
328 279
721 961
50 46
272 139
974 946
646 191
689 862
391 146
560 674
68 301
361 317
804 121
852 365
938 195
992 120
925 492
520 671
831 529
580 279
798 490
266 219
175 873
971 914
879 261
954 172
257 436
557 1
831 614
633 491
514 330
466 770
730 599
197 626
660 382
495 991
161 193
90 857
639 839
238 465
257 342
423 65
371 816
252 245
916 454
175 646
519 235
674 112
677 831
328 556
430 878
649 342
198 749
769 733
792 362
856 605
369 226
740 503
797 152
524 113
513 577
372 966
548 932
635 120
618 870
783 202
625 2
972 305
833 93
265 537
790 557
203 325
776 235
691 472
196 922
861 920
532 680
809 101
652 798
635 311
602 564
880 190
454 481
679 664
169 343
908 254
946 9
705 790
865 191
776 600
649 686
747 63
417 686
658 548
440 889
365 988
149 863
466 53
784 82
569 796
841 7
418 816
721 553
519 762
764 649
928 792
413 971
875 800
507 966
510 261
438 38
295 491
193 949
462 475
837 757
987 136
76 617
202 828
116 858
68 965
56 901
629 740
134 216
262 941
764 845
780 554
216 715
108 937
551 873
884 470
360 170
789 709
60 827
355 913
63 416
138 969
143 120
441 148
735 498
587 423
475 536
307 835
569 148
329 671
646 496
209 613
634 979
588 39
347 755
645 184
977 600
799 887
584 966
986 934
181 632
666 638
408 968
902 680
320 148
136 277
13 143
457 285
978 937
939 693
597 49
980 736
620 421
805 4
255 93
465 907
925 875
992 996
645 636
944 583
769 393
410 175
141 269
255 179
40 416
762 325
983 687
453 724
457 857
91 914
477 262
529 612
893 670
845 539
521 957
685 242
334 32
82 73
817 58
824 874
309 750
201 301
2 774
422 903
559 542
138 454
691 114
127 568
151 98
152 214
745 185
450 455
125 199
958 567
820 572
896 68
778 104
212 812
454 673
769 379
536 764
425 445
480 944
48 660
13 670
341 881
18 308
39 462
21 591
103 794
134 486
284 407
158 488
95 703
809 592
203 193
95 951
532 98
48 725
803 936
873 601
415 828
273 787
915 412
540 887
668 188
193 68
601 839
730 49
970 436
499 884
61 965
405 286
925 700
47 290
914 175
95 250
867 149
481 306
852 807
467 994
342 12
942 272
299 894
1 398
133 964
22 818
353 233
245 43
947 299
714 226
878 849
409 216
837 248
880 850
892 885
913 792
879 925
220 238
261 828
740 801
524 990
309 544
845 686
866 651
775 711
600 483
784 154
234 97
549 406
664 644
684 643
363 652
197 780
295 670
646 707
723 332
290 849
341 721
177 336
953 471
368 785
936 515
929 60
336 319
928 659
102 778
214 432
380 936
876 869
56 974
774 182
959 382
889 662
394 162
180 375
327 512
823 671
882 377
242 24
828 887
479 965
595 612
321 431
466 802
949 37
186 691
320 737
694 795
643 791
790 986
529 769
958 156
216 417
821 140
803 945
960 544
942 880
660 765
4 121
1000 688
873 710
450 689
697 368
919 497
961 59
65 494
212 363
359 708
911 861
973 692
250 706
939 620
615 535
942 701
389 579
783 92
126 544
821 576
810 467
815 38
892 699
676 504
325 214
770 869
37 162
168 47
866 986
593 882
575 934
410 116
620 77
944 477
896 819
288 664
149 713
80 986
286 594
841 153
733 411
737 984
376 48
728 773
12 198
417 626
607 631
168 566
382 703
278 769
390 335
325 298
591 3
594 229
900 804
188 630
393 586
755 778
438 458
594 116
633 490
873 443
642 873
656 351
992 327
777 573
206 961
100 332
637 419
432 782
785 782
842 713
402 682
756 279
225 729
446 652
33 398
237 870
219 487
919 992
372 655
618 675
46 840
548 650
273 552
533 314
962 693
815 672
534 560
583 580
640 432
180 105
455 209
920 672
316 561
762 911
854 505
363 574
398 83
866 459
459 99
649 55
236 125
428 798
584 604
783 770
741 339
610 964
972 163
578 102
482 435
269 367
252 553
532 587
844 485
484 204
316 206
905 383
1000 571
412 345
655 271
514 689
348 607
813 899
944 894
762 989
251 961
174 839
951 533
348 718
630 220
351 981
724 401
669 528
230 750
106 936
487 21
205 804
723 859
796 917
600 14
891 529
303 647
784 445
292 148
684 918
301 482
893 520
426 649
399 885
720 962
81 632
686 47
709 118
495 641
966 367
326 974
917 345
334 453
884 330
690 994
68 145
175 671
16 892
885 142
98 920
653 448
894 108
567 30
419 470
688 216
828 863
944 119
965 463
767 631
509 835
497 955
480 695
559 859
717 790
802 252
974 294
759 596
299 26
1000 189
285 67
198 812
859 98
915 820
384 828
994 967
96 630
25 574
526 670
266 304
713 745
549 13
328 585
981 518
275 66
518 2
167 240
225 967
69 930
401 360
385 823
939 232
100 164
228 369
640 267
554 449
687 751
321 571
568 93
736 975
644 210
84 263
18 917
806 122
916 910
407 5
464 965
799 775
892 541
251 399
640 984
784 914
64 234
563 192
377 85
568 298
677 72
628 922
865 504
594 726
373 1
331 533
704 41
689 955
447 927
966 425
624 208
738 329
351 751
980 253
716 324
208 990
440 790
183 38
809 499
222 600
704 247
334 438
580 586
380 560
606 738
269 652
408 163
339 461
432 25
513 256
626 651
474 684
590 790
936 921
77 321
354 966
337 156
708 421
10 611
124 700
931 148
73 62
779 82
564 740
730 524
413 240
909 715
200 227
578 968
704 691
209 107
29 768
410 770
983 821
894 362
3 299
542 198
450 230
910 281
494 231
705 612
379 165
753 336
99 290
461 439
9 14
377 580
808 778
129 741
276 636
78 640
583 669
195 612
434 404
911 90
473 74
38 18
721 412
80 292
282 608
467 548
892 323
820 480
89 26
52 906
680 595
329 523
647 610
632 896
766 795
517 465
847 638
577 110
939 515
171 630
182 747
503 368
79 657
923 55
925 989
41 767
697 934
386 919
739 319
524 657
338 380
671 578
231 203
568 693
843 461
330 232
993 440
889 127
102 380
233 483
162 545
599 517
75 564
576 127
975 105
387 752
46 407
598 704
33 820
509 199
537 324
462 199
824 920
914 786
292 898
387 942
212 294
391 78
728 584
177 454
803 22
509 41
479 657
997 852
68 120
264 141
551 637
698 147
259 328
99 898
172 206
506 896
203 672
862 785
206 789
299 213
559 787
747 723
627 9
167 90
149 443
977 74
225 813
428 390
46 813
621 539
177 898
125 972
845 467
518 59
632 957
100 30
281 668
322 48
363 708
604 926
933 624
471 657
610 735
682 816
935 38
958 157
99 873
911 9
921 756
165 343
132 160
430 690
213 443
929 890
769 913
958 511
9 772
623 641
200 953
578 178
943 510
373 987
549 787
587 416
242 838
274 371
863 183
853 481
353 298
156 883
654 246
316 9
653 902
624 58
74 87
332 993
41 806
85 652
227 527
690 141
13 440
568 593
145 256
681 470
774 821
639 447
227 924
62 596
140 61
973 927
466 79
103 134
269 752
64 670
118 577
193 830
382 474
352 153
564 958
50 624
254 522
861 280
189 975
831 608
577 833
655 662
353 700
272 585
974 88
779 154
104 776
656 751
159 436
72 486
971 754
110 290
760 651
148 59
370 247
559 5
613 347
966 863
756 647
464 15
363 787
329 903
350 559
596 963
544 622
7 550
72 547
622 155
949 425
610 739
699 670
403 461
561 657
674 848
327 410
757 737
292 40
579 821
816 545
469 197
17 332
489 799
806 204
518 720
685 431
66 819
690 768
877 217
240 226
463 904
765 868
144 984
880 466
114 918
957 50
32 877
804 731
786 314
494 821
776 380
102 474
739 375
888 667
762 188
340 266
503 814
770 249
255 153
883 608
899 391
634 498
852 429
546 848
267 420
785 284
145 637
605 339
221 138
738 276
819 717
859 520
499 341
651 260
84 757
50 901
514 20
464 826
25 193
387 998
843 655
870 27
263 75
267 140
660 847
811 587
926 424
825 731
788 457
653 253
780 597
575 92
552 524
790 943
773 428
562 877
821 432
204 406
560 390
265 238
960 157
858 183
108 570
324 527
274 52
940 433
264 978
358 794
877 778
200 644
839 749
227 173
122 989
713 970
972 120
504 661
126 780
395 434
364 897
19 407
496 408
887 356
182 780
238 760
369 639
190 639
981 336
377 433
853 278
50 101
912 328
434 900
897 548
199 644
771 31
301 436
340 302
692 571
145 712
408 151
349 424
757 91
850 399
357 621
50 839
966 313
128 517
584 972
956 359
461 703
816 402
524 931
192 412
89 772
291 448
461 784
906 751
230 215
182 106
129 30
15 574
273 293
777 747
561 140
450 759
183 485
976 901
426 362
854 634
103 658
309 63
57 462
426 253
105 314
397 940
458 682
939 41
25 537
962 330
377 986
12 817
747 413
459 204
761 956
43 909
801 57
584 695
233 559
90 416
53 220
844 249
792 420
132 205
192 624
65 230
997 469
411 798
117 898
342 778
846 650
338 825
65 151
374 155
76 552
913 321
515 533
385 362
78 931
653 703
957 9
977 715
445 469
28 291
726 846
602 712
839 229
218 721
576 803
136 708
321 728
361 923
752 36
295 920
277 637
79 769
391 389
31 930
608 611
112 338
314 754
336 870
762 244
943 793
124 797
654 420
567 925
366 710
737 946
120 940
317 622
818 149
654 599
254 27
555 970
681 667
205 717
245 764
482 670
124 995
710 798
732 226
236 913
336 439
662 221
941 106
250 789
771 650
20 789
58 64
619 858
824 759
876 720
570 487
38 657
699 201
392 611
466 940
106 327
324 274
487 966
475 902
148 32
820 530
101 31
641 225
612 348
495 312
262 875
877 688
234 690
43 88
461 457
587 615
716 321
57 196
661 290
796 297
209 385
160 203
397 690
569 97
808 743
722 705
174 16
651 583
468 761
642 763
687 678
563 492
798 517
732 522
969 901
930 645
970 470
21 750
867 34
740 316
407 223
959 530
623 609
614 888
320 222
981 167
13 213
515 815
308 567
992 576
990 79
867 256
28 438
943 844
966 394
736 564
130 117
49 355
384 456
917 722
386 154
813 353
7 302
59 39
491 560
510 236
335 963
139 92
687 292
382 298
681 913
150 444
375 551
160 700
385 365
217 558
271 777
593 187
367 176
538 716
868 843
698 975
284 644
836 489
848 279
890 894
530 575
488 390
473 374
533 312
739 591
920 819
631 421
741 165
564 354
659 142
164 848
181 990
420 698
8 316
86 85
774 589
721 330
479 110
407 285
436 307
240 148
260 225
94 384
304 945
657 883
931 95
808 368
496 460
630 163
565 238
664 236
601 95
982 748
641 816
457 503
277 580
932 104
596 358
870 589
446 953
939 338
507 701
491 208
18 736
884 601
67 769
839 979
695 32
903 438
546 849
710 68
508 740
127 850
989 19
611 513
395 244
815 362
913 631
219 1000
736 318
419 250
495 206
760 180
250 730
59 944
975 326
257 429
710 753
951 249
812 161
266 77
202 827
422 632
189 835
524 508
836 446
105 204
604 178
471 389
54 151
849 61
703 814
134 223
686 600
200 423
241 269
907 682
488 482
551 251
975 811
9 16
997 303
817 697
664 276
278 531
212 600
449 122
105 520
568 240
569 153
109 48
402 80
5 501
411 930
30 600
783 255
471 958
735 157
826 667
331 203
359 697
285 566
14 492
633 552
479 352
801 600
199 861
566 856
336 278
165 977
903 871
207 362
101 979
227 360
672 491
141 40
606 164
104 882
300 591
619 811
196 520
514 437
554 914
170 923
10 756
469 653
698 697
843 432
382 49
37 602
225 234
997 604
889 835
177 79
755 678
883 413
386 501
79 352
281 217
162 364
770 367
681 600
429 322
713 335
785 682
346 352
182 26
898 459
63 781
525 552
835 791
656 665
50 648
271 720
695 870
404 503
171 420
651 926
821 354
272 801
132 508
99 582
81 439
993 694
670 25
638 877
324 733
109 550
661 314
593 28
197 65
411 755
161 488
952 461
994 600
100 153
613 930
853 316
177 838
661 308
27 432
302 762
138 635
431 466
894 534
520 367
248 840
464 645
763 123
156 633
903 513
652 504
339 736
490 540
291 581
654 24
783 444
423 188
654 461
938 695
917 634
779 889
407 920
799 650
601 407
306 13
235 113
198 7
364 283
648 352
175 285
222 792
876 269
737 945
847 444
173 221
926 549
68 309
988 230
148 493
776 738
361 470
27 675
608 817
770 448
419 178
836 587
244 389
599 525
304 114
220 446
906 787
30 682
380 820
272 623
442 205
337 15
889 554
926 481
283 523
498 26
688 54
345 437
248 20
750 32
24 158
713 775
371 260
234 691
588 422
234 706
164 829
574 864
198 532
935 177
597 434
281 956
467 597
549 575
562 128
293 497
556 569
99 62
701 757
856 355
207 714
146 149
934 122
922 530
28 145
587 418
329 438
826 962
667 458
304 756
191 756
951 562
827 512
499 104
477 903
424 45
279 113
943 222
891 665
782 856
439 335
486 814
107 39
514 381
538 375
331 735
850 453
62 861
654 385
657 355
676 217
555 920
572 26
68 297
141 419
71 678
662 15
420 366
542 561
67 723
504 471
430 963
197 860
608 989
384 279
992 124
335 962
194 754
361 67
324 81
487 519
219 173
7 92
766 141
785 882
971 871
681 801
367 66
573 755
474 380
395 664
950 455
739 798
423 125
262 965
48 369
869 912
751 25
110 147
849 97
480 908
100 429
172 978
800 619
642 849
752 884
824 353
401 496
110 2
384 706
648 527
920 820
25 720
984 880
617 366
726 344
764 11
782 478
674 843
927 723
324 932
147 101
954 607
333 690
541 77
38 201
369 230
422 104
838 544
985 492
562 606
339 555
873 679
303 76
109 877
320 932
170 755
613 557
905 380
246 14
321 869
430 321
412 340
810 299
123 686
364 204
519 818
207 262
83 268
322 760
125 251
134 993
942 446
208 276
753 533
274 902
701 813
173 148
943 976
625 723
245 258
961 753
654 524
604 335
145 524
257 518
866 590
334 456
24 823
435 839
628 500
650 754
483 671
764 756
871 816
447 90
34 143
487 555
603 31
720 626
537 92
168 729
833 720
690 578
324 452
716 966
293 787
757 790
245 838
30 114
79 830
772 967
739 652
868 872
114 18
367 836
393 39
270 351
555 255
151 744
498 772
507 62
380 288
901 40
100 167
82 854
545 22
855 817
532 968
717 816
754 760
448 319
503 347
949 53
757 628
95 125
528 958
982 303
565 381
950 777
420 780
885 792
973 744
886 139
333 777
936 290
791 892
383 617
924 432
448 76
412 559
476 410
957 453
406 437
396 123
277 456
814 161
407 853
376 397
606 967
921 349
461 556
147 49
597 640
768 216
440 37
642 385
291 117
475 496
847 72
775 735
660 943
396 296
742 481
755 854
276 485
793 53
874 372
603 666
721 811
261 408
272 659
590 55
501 948
779 164
484 166
368 983
132 538
480 965
70 572
569 361
401 559
82 536
708 568
475 715
403 406
654 532
833 477
206 585
146 396
347 565
592 506
579 894
337 639
748 607
702 640
838 988
592 243
118 355
321 3
14 94
423 734
688 693
356 515
729 47
268 669
749 468
640 520
810 360
869 971
545 909
201 855
701 2
779 888
852 146
253 667
734 90
590 732
245 55
948 540
770 780
480 232
10 745
83 437
283 695
547 450
128 628
258 459
496 578
300 850
27 650
283 548
303 553
141 446
988 231
420 331
957 572
228 700
438 115
96 6
331 993
667 587
253 176
893 896
196 176
569 570
72 126
471 110
145 835
599 658
663 620
50 685
72 461
495 469
724 733
466 573
485 239
986 260
966 886
71 928
519 130
321 419
546 60
360 87
36 652
265 36
933 637
955 737
743 922
997 358
817 704
820 161
747 899
125 555
695 739
535 910
422 77
117 619
562 808
725 364
322 209
731 695
520 268
374 229
7 960
291 659
643 582
221 590
397 50
285 765
218 512
365 431
38 287
978 986
631 948
568 374
544 140
329 262
511 106
838 385
19 687
205 828
222 874
409 271
69 221
179 949
697 816
148 684
19 796
442 321
519 120
796 572
763 563
658 573
911 12
78 119
153 131
349 175
387 638
262 382
154 799
656 437
435 874
828 723
866 538
244 410
724 940
379 693
729 786
733 810
369 306
923 894
177 368
362 700
522 356
561 202
177 705
696 591
807 325
580 65
621 619
971 580
320 850
1000 212
439 322
223 288
170 188
427 295
491 185
124 171
821 123
971 418
244 482
238 167
76 6
901 51
777 253
365 672
948 114
180 228
773 9
646 265
960 512
189 338
967 199
933 883
237 422
683 788
939 430
777 479
890 304
624 748
117 353
759 214
526 109
201 89
985 141
936 327
882 575
996 89
390 568
448 97
247 915
384 380
169 621
719 501
297 284
830 950
550 305
933 439
315 827
267 665
706 531
652 192
733 330
388 422
352 491
762 298
600 129
880 913
220 210
444 426
579 253
249 710
750 870
561 602
424 501
974 878
791 396
888 491
923 572
301 128
653 363
983 996
21 1
560 893
12 918
854 883
712 904
977 356
524 367
529 711
208 916
368 861
7 208
964 245
240 549
722 193
716 598
916 112
95 555
385 504
191 4
581 652
761 799
712 245
838 361
30 749
796 362
834 824
212 900
102 560
87 324
589 2
437 309
989 872
243 634
21 971
155 748
51 431
677 687
700 768
843 938
583 871
833 353
65 799
7 660
846 293
52 3
331 124
34 557
526 815
568 97
625 854
182 993
809 793
338 878
645 308
653 745
585 691
838 303
913 132
18 800
37 4
511 93
898 137
938 721
939 680
135 763
579 705
395 598
433 287
253 758
252 815
145 419
24 780
558 969
213 948
625 780
236 379
457 98
476 266
847 309
23 183
316 932
541 694
304 411
819 268
657 409
144 116
202 310
899 484
116 336
300 879
33 812
430 798
253 841
235 322
953 883
461 700
710 817
155 477
328 207
20 653
550 173
11 7
278 463
384 208
153 396
984 333
487 590
862 942
996 484
689 468
818 422
417 137
882 511
160 597
362 516
252 203
270 542
846 455
941 711
533 269
954 818
618 743
329 860
811 947
772 730
315 869
355 944
820 206
492 271
38 135
369 220
846 542
265 489
433 895
288 70
146 664
937 319
459 47
333 970
687 655
445 240
782 177
809 885
411 49
292 651
143 750
574 134
834 371
191 706
474 451
114 989
984 790
526 468
213 999
62 724
368 70
131 989
300 956
46 40
361 698
767 102
969 443
945 130
304 278
124 911
505 763
737 32
370 523
430 933
90 698
624 478
552 395
606 706
315 487
391 74
908 368
432 57
492 905
571 22
148 205
554 504
862 241
391 987
766 151
93 727
629 901
615 374
964 190
306 768
327 254
516 915
655 604
968 776
767 664
525 185
539 959
1000 249
606 91
512 117
255 873
521 489
812 280
262 761
450 121
85 792
807 996
366 300
406 583
762 625
601 821
477 137
32 8
730 211
363 486
604 696
570 632
795 917
763 25
194 276
877 241
147 662
630 299
140 501
311 636
191 128
27 45
601 64
654 250
676 406
536 725
635 289
999 768
250 257
677 12
143 992
554 985
538 450
494 908
724 489
857 648
862 411
184 862
447 979
197 56
558 227
26 989
34 391
482 673
555 56
819 610
197 31
253 226
14 768
845 990
719 965
775 951
585 481
440 560
6 771
301 957
181 359
348 504
422 595
189 828
561 201
889 708
216 838
370 243
484 127
252 243
146 672
727 827
402 822
683 331
186 737
997 167
191 112
484 974
893 374
345 256
146 307
517 960
617 364
159 871
825 127
119 99
696 908
713 978
576 674
500 779
356 486
104 343
566 593
199 88
646 409
298 315
946 511
397 437
700 562
717 620
60 337
250 689
562 559
355 311
984 165
153 546
532 269
162 784
490 741
729 767
227 734
770 834
757 210
121 48
356 905
431 596
952 656
257 814
231 668
747 53
213 753
841 184
466 47
672 910
486 42
92 405
332 644
59 68
393 536
94 262
432 114
625 819
528 220
73 753
205 500
215 921
120 308
543 28
945 773
234 324
91 501
73 578
954 61
628 148
497 958
424 499
759 930
962 576
391 495
875 449
663 772
423 99
315 634
545 345
839 88
967 614
37 229
533 488
630 804
632 429
206 704
212 901
746 477
731 419
255 801
56 233
772 743
545 443
360 831
712 468
237 103
402 60
322 231
566 386
968 653
953 837
627 656
539 562
299 733
502 996
880 276
53 486
455 470
217 143
792 618
740 352
209 744
339 713
723 614
621 35
490 551
451 900
240 2
294 803
777 331
730 441
341 268
19 520
848 592
869 806
505 19
322 683
224 485
801 516
687 46
447 821
118 65
801 703
676 317
783 635
847 738
956 29
996 978
439 529
84 960
156 597
175 491
823 303
886 373
747 17
589 814
724 705
607 549
281 45
652 100
391 208
283 971
361 511
16 206
811 653
538 79
244 428
392 877
470 570
883 271
811 538
286 216
417 287
80 648
242 780
176 226
485 120
593 250
788 272
703 766
10 105
376 243
431 31
593 128
928 619
663 235
772 564
132 427
25 541
670 175
928 474
925 881
878 82
91 876
155 715
21 225
322 88
942 422
864 667
743 961
579 864
483 87
583 664
70 629
717 978
956 526
995 240
368 484
829 361
504 179
488 151
584 1000
986 900
43 589
83 744
106 715
639 487
431 162
808 331
4 304
500 455
264 413
146 280
787 555
790 350
978 534
52 200
538 286
309 945
745 690
600 203
654 124
14 523
54 756
384 480
974 901
64 280
743 248
311 199
73 478
770 44
990 403
59 31
997 637
211 328
712 739
710 786
306 588
291 480
500 810
448 645
490 474
451 230
551 747
185 982
537 105
461 897
614 73
409 798
708 390
31 371
894 425
676 868
91 396
183 340
85 742
264 925
937 973
811 804
722 377
422 4
472 644
792 119
522 160
449 660
102 622
677 772
806 616
113 775
4 690
140 128
222 561
137 23
765 279
472 930
626 255
478 735
440 980
114 427
30 713
924 786
397 173
380 362
548 910
613 852
906 436
798 644
624 627
877 95
90 307
769 916
960 597
227 118
156 938
846 257
307 46
821 813
74 751
881 245
894 813
667 350
131 572
156 985
35 664
566 660
165 5
957 41
689 651
852 833
486 707
204 636
316 6
870 677
619 871
946 141
362 452
491 232
420 36
60 3
999 144
374 145
131 824
481 163
885 818
235 380
474 988
291 190
534 238
330 408
793 800
135 881
592 165
512 968
898 253
710 367
598 848
31 49
948 903
935 607
538 903
330 859
867 849
651 364
580 286
194 753
272 575
686 358
270 693
197 635
579 525
621 38
245 879
674 425
12 512
622 467
860 348
720 439
429 533
738 800
769 308
534 628
929 78
17 403
275 44
902 891
527 282
697 75
221 797
129 695
792 369
632 624
544 722
817 738
303 363
623 306
113 13
812 547
281 925
433 646
658 441
971 130
406 723
136 383
711 188
492 118
535 626
821 533
442 815
98 157
812 833
678 134
736 775
878 582
520 8
209 941
784 653
348 471
785 100
409 618
240 965
87 794
810 433
226 168
135 550
227 705
340 416
549 20
267 836
114 885
335 111
616 655
529 232
537 741
853 420
283 625
149 856
742 361
616 941
799 242
693 795
14 882
419 254
121 386
822 288
721 691
650 753
44 160
673 688
619 284
724 764
989 418
148 134
955 254
849 279
119 621
655 753
585 365
56 541
349 948
870 617
279 937
447 27
51 866
858 414
877 594
253 344
404 334
354 753
81 79
134 211
742 772
708 252
752 772
682 979
202 412
34 846
670 127
5 223
9 20
95 491
108 582
324 923
809 637
96 874
501 529
402 76
333 548
194 298
251 167
203 56
421 65
364 13
368 72
597 73
623 677
427 211
942 767
286 867
895 31
19 632
421 308
54 533
926 787
568 671
509 475
199 643
957 307
176 712
999 216
340 299
805 879
588 625
258 482
665 606
297 536
689 782
173 245
690 33
267 368
35 236
842 228
535 203
81 606
651 470
779 285
616 905
582 226
388 557
434 626
168 410
244 429
711 487
798 293
285 366
323 967
175 814
200 154
608 119
770 282
846 49
704 538
387 854
816 68
854 524
216 912
395 323
842 696
992 261
702 592
977 471
405 934
390 186
319 224
306 503
785 968
835 308
744 373
446 253
671 492
432 603
786 518
660 19
114 53
497 187
831 234
834 794
651 880
331 676
290 712
309 220
203 873
129 590
171 215
393 268
345 232
151 638
302 766
928 185
527 451
217 976
187 842
375 333
492 174
914 23
972 225
554 433
868 466
395 662
770 630
388 257
509 77
986 564
420 178
863 238
799 630
946 230
801 745
434 978
198 123
24 874
604 670
334 587
377 228
430 94
714 237
649 670
580 758
980 287
733 33
447 671
965 222
694 436
220 11
131 522
723 484
599 521
929 924
675 73
516 895
379 539
505 836
31 41
472 76
889 558
875 527
452 340
12 5
659 669
623 985
349 877
902 13
871 680
655 975
458 715
20 342
95 754
660 934
419 976
960 904
470 493
53 315
204 185
122 798
468 774
455 8
347 643
114 650
260 10
687 685
138 746
655 511
60 335
49 986
572 466
776 675
826 974
648 34
353 300
433 468
72 660
184 514
991 281
26 365
302 214
793 517
701 916
630 122
923 134
407 809
598 516
288 671
316 357
598 631
801 983
127 933
689 854
407 527
453 349
366 598
771 888
791 357
15 863
222 677
483 871
685 856
896 254
932 668
555 715
628 3
43 511
171 608
559 89
172 813
70 231
750 538
253 450
894 653
76 637
928 190
997 963
689 274
104 782
893 18
169 262
197 523
441 57
703 817
794 639
944 160
817 438
751 37
882 148
773 451
96 609
43 42
246 983
855 203
507 441
694 847
864 614
761 910
802 113
246 972
450 91
379 99
180 112
365 76
185 286
114 460
939 133
526 935
764 118
23 172
113 12
648 785
530 365
414 704
164 563
956 567
765 909
363 341
843 500
196 177
844 284
259 430
796 95
58 892
467 859
939 577
13 244
107 217
93 262
250 447
719 502
995 886
390 998
550 308
787 610
369 695
577 330
926 839
206 505
940 441
461 516
499 369
430 769
897 764
821 985
847 430
702 312
854 403
466 45
874 190
488 525
784 74
289 620
987 629
733 105
969 596
776 702
289 733
890 191
275 542
976 8
922 379
872 546
488 707
914 999
646 642
245 291
505 892
704 5
591 258
573 787
388 549
704 686
669 468
272 196
232 191
91 100
313 34
560 45
281 572
928 577
871 611
183 677
778 258
731 421
952 310
608 424
807 72
891 315
428 731
692 312
413 297
108 583
596 860
647 560
801 128
331 113
4 937
186 852
156 124
35 885
573 601
863 471
624 430
341 409
551 314
682 423
98 190
675 818
506 203
643 272
883 951
481 415
922 569
911 515
164 132
44 239
611 245
101 815
718 662
101 688
746 679
339 477
748 473
72 906
886 331
417 578
269 673
455 826
404 952
956 381
408 315
323 680
361 509
141 487
609 71
774 529
921 67
741 578
443 259
997 680
764 677
598 921
140 801
676 769
20 895
719 959
906 888
929 457
107 559
509 911
594 55
524 270
29 872
106 365
90 886
971 803
256 12
719 733
25 961
135 380
916 23
478 981
632 348
890 832
891 505
270 712
470 228
368 602
384 799
518 86
388 831
209 270
851 683
545 468
214 249
731 385
489 558
915 198
932 872
312 113
760 623
9 55
432 698
808 753
995 357
578 391
446 431
490 871
108 314
324 783
934 448
134 760
318 756
393 434
252 761
623 474
65 26
86 368
217 199
992 715
900 470
400 176
567 483
463 255
527 902
315 527
60 121
776 314
709 644
1000 792
395 964
268 78
955 389
899 436
98 279
390 569
139 507
837 224
50 146
417 765
59 160
921 317
809 227
173 216
672 601
909 804
306 507
220 149
336 634
816 436
763 777
241 819
455 657
654 891
931 210
989 376
846 483
641 473
449 584
730 747
214 456
384 989
883 11
410 865
973 6
849 120
34 772
879 172
167 32
959 68
467 890
412 137
723 843
312 304
554 366
113 918
989 941
919 698
316 621
172 521
216 425
488 334
113 103
688 631
542 342
359 542
765 631
696 98
713 900
574 71
367 719
820 451
553 712
313 647
932 197
777 304
155 100
43 109
308 654
148 987
240 76
544 116
981 161
196 943
696 844
741 828
179 155
1 655
474 784
559 68
852 178
467 148
363 39
701 915
544 619
84 907
122 322
143 786
4 134
335 58
46 75
28 594
434 729
917 732
906 591
983 623
197 182
235 271
475 316
383 671
684 712
961 665
50 920
189 460
970 729
828 751
372 211
894 120
331 679
776 993
223 761
719 740
618 393
820 589
214 468
276 255
834 673
484 616
547 375
845 31
9 365
108 973
18 485
897 494
147 251
55 898
639 916
160 894
625 703
221 795
807 52
648 899
759 287
523 517
86 111
913 481
273 834
221 908
222 383
39 287
375 391
674 986
146 99
592 191
99 65
942 519
28 67
247 841
412 290
235 641
678 13
60 529
921 776
700 219
805 390
644 4
384 267
886 211
390 852
880 88
588 873
771 411
849 943
421 286
545 155
946 175
969 278
986 668
934 18
641 980
879 876
371 445
638 477
54 690
515 188
366 640
723 391
519 604
440 621
225 192
653 278
512 982
305 104
125 359
466 189
582 279
968 391
732 160
254 164
186 76
115 222
968 22
660 436
24 398
727 246
614 23
872 690
251 543
103 534
272 684
898 400
992 379
793 382
420 995
371 870
318 535
484 143
68 974
720 405
918 988
194 868
879 311
233 794
897 345
150 815
389 45
726 270
57 594
569 449
441 133
161 550
189 400
851 895
47 566
133 583
696 828
273 669
990 546
664 282
518 405
646 350
669 23
997 442
274 1
368 364
878 262
181 734
772 407
61 952
604 238
986 943
364 15
751 621
554 235
84 154
208 547
190 663
411 186
856 463
140 440
711 51
640 976
57 341
256 937
672 481
585 512
671 436
684 844
866 43
334 621
654 288
982 637
775 169
936 69
150 67
780 462
526 286
231 44
412 970
201 105
197 758
596 102
836 949
763 767
638 505
903 697
262 427
580 434
961 720
11 873
747 163
932 503
275 972
837 446
15 918
310 86
132 850
926 380
804 478
291 295
720 595
777 748
280 20
392 590
444 799
466 963
638 949
703 763
426 341
392 477
584 113
397 852
294 462
487 808
241 338
294 420
42 645
704 826
673 813
765 415
363 835
90 137
929 138
437 484
260 604
281 648
754 730
263 616
485 424
307 904
436 44
38 808
310 525
6 266
673 15
507 209
164 662
493 990
220 826
536 20
905 76
356 298
692 396
985 446
969 769
252 651
169 841
949 253
164 942
778 597
504 696
980 978
434 287
553 723
867 15
981 27
623 586
240 33
671 740
611 50
155 8
685 402
51 75
566 830
970 159
823 612
406 221
50 433
841 201
397 220
308 969
829 185
408 715
481 43
741 837
982 921
931 665
952 732
58 535
184 838
740 872
297 489
961 914
429 220
306 353
549 187
241 976
723 136
706 966
943 919
250 570
782 531
823 189
10 500
232 572
799 180
489 147
970 674
224 960
25 17
393 70
941 99
64 569
480 84
177 510
106 428
641 431
665 33
354 994
426 535
79 499
580 180
713 365
592 618
275 710
688 93
135 466
713 510
896 138
807 348
609 701
612 756
245 825
893 253
713 591
287 548
695 427
826 182
612 347
222 579
778 53
212 841
530 722
680 189
923 96
358 110
333 580
4 701
800 692
104 65
659 379
734 989
971 445
469 975
42 411
523 472
85 295
233 524
735 317
129 729
207 756
687 574
462 839
66 180
854 69
395 835
553 702
990 645
739 135
636 152
902 591
123 442
402 293
921 819
683 956
193 168
844 329
410 415
10 965
791 429
924 465
782 947
239 778
238 699
139 568
356 770
395 914
320 476
396 169
342 725
374 131
169 353
188 203
649 559
118 780
466 293
448 699
471 940
236 703
398 730
330 308
918 413
810 762
481 160
728 927
487 462
179 553
720 991
921 280
371 337
780 101
747 218
713 94
736 78
244 496
594 843
585 20
417 506
469 929
975 363
963 403
980 531
28 992
512 745
231 683
452 148
538 821
790 682
794 347
817 202
546 264
414 104
295 223
632 183
172 170
301 970
233 940
964 54
215 4
685 86
110 298
863 936
974 467
704 755
742 9
871 633
897 380
931 135
683 335
133 930
725 952
780 655
254 850
933 651
453 945
57 120
8 147
116 669
467 793
655 850
824 214
735 384
937 601
591 876
995 303
990 726
38 195
613 885
506 467
677 488
745 161
242 807
865 664
517 127
204 814
706 424
908 684
377 358
982 261
769 870
972 547
499 823
584 843
174 733
892 498
568 424
587 68
127 263
787 902
184 433
645 364
59 666
744 553
766 938
199 779
279 147
871 277
198 65
724 9
999 177
984 91
914 545
25 318
876 339
611 185
946 245
875 281
538 119
172 473
524 6
103 307
538 446
328 39
400 724
595 235
211 754
133 2
37 786
242 740
547 875
148 112
189 860
673 779
300 347
928 724
357 390
876 934
733 555
939 808
683 282
77 7
464 62
252 19
3 83
787 264
858 191
17 629
50 17
203 846
241 151
760 597
742 613
526 534
531 892
109 408
187 309
794 427
319 927
726 233
730 228
915 394
830 27
27 346
55 602
179 391
109 186
790 741
94 278
574 28
619 629
38 457
912 246
651 883
511 88
266 585
500 495
901 849
389 642
908 950
545 596
127 136
857 859
896 837
239 691
891 269
747 894
405 269
61 379
64 385
136 526
734 130
844 966
353 933
170 789
947 441
192 357
932 97
310 309
239 401
791 318
405 495
978 483
870 221
713 22
408 410
720 822
681 560
22 360
371 182
779 367
890 546
380 696
652 133
992 58
580 337
196 90
470 937
346 363
295 278
923 829
190 27
586 593
113 573
664 187
285 397
676 546
290 485
733 527
95 522
522 136
280 307
936 848
483 492
247 351
484 51
507 498
694 922
458 722
276 807
137 511
726 299
673 157
364 680
879 251
717 236
756 630
170 113
239 448
428 697
801 49
329 720
324 802
706 206
415 806
846 658
759 119
598 51
913 313
911 931
364 989
735 254
536 544
866 379
478 109
474 534
984 242
782 37
89 402
930 744
844 294
316 143
389 597
14 322
108 105
680 890
883 917
576 827
446 277
309 690
696 388
273 341
662 681
221 439
819 583
961 992
799 512
781 53
396 21
201 955
843 452
205 995
22 187
481 155
796 982
158 555
69 116
107 449
275 781
171 940
905 890
504 83
64 527
102 87
18 97
895 286
606 711
901 867
997 714
818 495
457 605
138 480
920 146
258 521
358 670
246 475
492 676
917 235
243 362
25 931
765 49
934 498
440 486
774 63
280 271
195 907
33 105
54 449
402 862
475 700
835 753
656 809
569 504
623 181
202 149
717 144
510 918
308 504
575 54
134 440
483 535
820 175
532 347
492 360
38 164
298 177
688 617
325 664
383 253
596 517
840 84
941 597
934 125
648 86
553 351
86 693
169 70
813 917
635 439
526 10
288 436
460 424
665 399
60 168
745 880
338 454
28 398
175 329
198 90
321 557
527 533
839 999
291 213
662 804
978 649
249 835
837 194
783 812
935 885
334 324
281 120
55 737
162 829
999 114
712 692
110 751
291 51
42 887
421 956
518 913
429 481
710 882
974 135
477 501
371 110
493 242
37 893
595 191
558 305
621 835
750 537
589 243
864 172
457 714
538 724
428 434
427 127
671 272
1000 819
267 982
125 886
402 819
60 955
663 876
522 64
817 516
752 875
882 226
609 954
574 692
704 914
545 402
69 948
485 495
278 69
788 50
130 856
220 844
32 538
890 600
583 719
768 575
271 213
40 597
347 627
403 325
406 612
668 335
673 423
838 539
30 612
878 360
535 537
113 146
352 822
99 67
240 669
796 90
100 639
429 607
297 490
593 938
190 584
785 88
821 682
143 594
629 369
908 866
729 267
378 859
731 853
486 918
61 444
350 285
758 142
231 10
782 686
197 118
18 619
849 847
139 286
46 101
975 139
602 861
288 813
384 428
520 584
656 798
430 887
969 199
829 550
93 967
42 875
525 104
116 24
903 332
690 283
551 734
399 541
1 198
277 113
517 851
125 71
228 435
509 1000
441 376
833 910
558 333
375 515
251 529
414 69
162 34
348 473
572 965
465 147
121 849
108 781
309 34
238 504
185 236
544 933
891 478
787 267
163 549
258 787
356 210
449 336
584 309
371 567
9 24
997 343
526 535
873 985
741 533
877 769
94 501
243 753
302 742
213 393
895 749
682 128
866 485
80 306
874 936
251 187
240 168
13 819
501 554
273 78
977 742
87 887
606 285
359 519
222 10
978 924
745 959
118 110
654 183
359 407
70 974
951 627
899 204
922 887
979 378
411 486
875 189
63 375
607 258
224 361
98 270
84 973
987 692
733 424
554 557
684 620
1 952
444 469
33 806
698 560
326 913
59 246
193 877
867 655
505 594
215 395
785 760
572 840
262 312
724 883
582 369
175 837
715 848
444 682
329 953
909 624
464 546
48 87
96 351
300 425
776 123
711 905
486 388
767 541
712 958
849 128
230 812
930 67
94 804
943 497
189 720
800 571
671 488
267 542
696 764
713 546
218 64
471 278
935 423
369 500
704 939
636 430
234 726
788 187
664 457
433 992
398 830
379 561
377 707
658 362
967 244
209 882
810 49
740 434
429 645
947 888
540 617
217 91
127 504
934 86
249 362
302 476
14 464
23 386
464 923
196 950
123 766
914 309
109 959
837 693
615 629
83 348
141 68
967 312
623 810
348 648
184 729
24 878
36 770
156 519
948 539
399 913
808 110
644 764
466 609
638 392
698 613
993 39
560 590
281 99
390 719
945 697
608 858
224 83
210 90
690 336
214 882
140 881
895 281
77 394
439 807
297 794
542 620
91 73
563 531
654 894
289 666
327 838
970 563
864 18
811 637
663 756
262 183
390 120
729 936
517 675
868 624
340 894
306 826
823 867
37 954
591 455
779 920
208 244
669 409
870 314
484 65
836 510
342 355
533 442
755 198
169 751
439 750
547 754
823 513
440 86
203 973
302 828
384 621
973 357
578 375
263 735
322 185
819 458
369 242
501 469
964 655
807 883
900 151
227 125
504 726
138 662
622 854
236 245
231 13
44 960
939 456
65 967
793 627
322 458
979 468
657 168
127 242
662 731
274 760
848 541
304 635
356 780
400 46
151 435
210 653
49 265
396 58
642 318
532 951
535 41
315 202
541 888
232 892
912 24
434 724
700 223
701 882
841 343
84 884
913 642
951 462
185 539
955 11
884 915
888 470
249 668
505 522
440 583
737 183
548 116
618 210
374 868
880 729
573 666
7 84
300 482
323 899
185 141
665 428
495 385
171 343
299 154
29 813
129 895
811 775
501 885
896 7
806 574
328 713
846 783
502 869
927 586
21 539
172 601
234 814
808 829
56 66
535 826
243 532
963 783
560 968
568 221
214 852
365 217
114 347
669 211
906 556
506 465
397 350
690 245
739 165
575 267
35 810
108 396
515 596
431 509
282 977
402 184
999 636
784 627
717 759
131 236
959 654
528 616
231 295
197 339
473 987
93 258
274 164
526 406
162 925
877 386
236 270
93 179
187 306
260 558
84 938
306 348
365 831
684 905
331 755
279 371
675 342
268 224
508 765
59 237
46 650
118 520
106 192
704 396
991 829
840 183
884 102
22 317
7 43
580 383
278 133
932 700
145 806
817 244
289 819
720 505
457 741
663 941
45 406
767 713
73 981
665 313
43 253
616 532
59 800
81 467
941 621
313 256
206 629
445 771
228 405
712 474
19 82
61 723
743 987
340 827
623 349
473 888
978 891
668 195
948 371
877 179
770 623
40 848
661 850
761 490
355 345
108 7
571 889
284 541
134 973
502 267
918 377
631 447
7 556
749 325
611 153
828 110
278 11
382 175
457 244
24 561
173 240
525 411
339 248
103 115
766 305
567 800
348 122
918 202
421 994
297 684
785 391
918 165
645 915
426 687
834 687
45 71
263 16
547 157
361 114
803 103
54 959
257 95
370 448
979 806
550 500
55 259
976 992
205 402
586 251
450 475
486 389
215 89
932 551
954 987
205 99
336 478
500 609
826 145
739 720
258 837
780 706
803 675
223 425
233 644
967 977
751 974
165 471
494 349
177 914
821 188
364 825
401 321
402 26
77 668
29 96
919 123
236 353
969 774
986 876
768 471
725 449
728 475
104 405
782 184
434 282
554 59
316 794
28 134
505 215
108 468
628 803
311 529
173 528
835 703
416 735
661 999
135 724
762 24
653 919
253 659
553 239
974 749
424 201
139 622
800 420
654 259
857 693
417 768
862 422
221 38
353 86
528 350
585 771
989 33
239 582
311 213
137 786
157 719
818 139
140 995
197 222
4 852
11 759
701 734
309 677
182 221
93 782
775 840
651 326
484 413
190 123
488 984
591 160
741 755
232 477
147 404
376 988
820 629
103 603
529 640
584 557
82 722
923 904
798 863
277 676
34 913
203 554
422 264
292 817
122 726
926 136
897 390
661 357
294 342
891 148
885 967
143 398
156 275
19 29
113 906
242 238
872 73
284 463
530 499
289 295
492 362
493 959
590 471
783 958
562 800
134 585
707 281
52 962
237 442
481 648
482 454
744 786
756 910
431 110
273 900
407 639
867 44
835 497
908 538
654 82
131 243
539 286
122 108
956 517
249 468
211 91
100 699
412 623
452 588
269 946
715 334
59 482
633 969
409 279
301 353
799 486
642 319
511 368
237 395
477 209
231 653
267 447
680 148
810 795
482 696
547 196
789 143
520 652
813 121
7 454
753 640
591 132
663 539
210 353
564 816
231 565
487 911
972 557
186 406
423 487
741 376
744 404
547 200
10 88
786 681
234 506
417 74
441 60
613 190
775 227
559 824
194 796
33 641
741 90
890 644
746 480
866 204
328 601
169 603
901 426
170 164
213 258
566 270
860 751
511 621
20 486
259 614
8 134
282 653
617 486
194 81
468 688
186 957
528 828
341 31
324 835
751 740
496 24
773 898
198 267
594 732
790 591
494 742
613 596
541 279
9 702
786 414
421 393
39 974
207 408
905 500
875 322
363 118
644 919
738 86
313 897
266 733
735 871
520 876
649 584
390 618
562 411
13 465
519 971
499 873
46 107
969 116
823 369
625 714
6 931
595 398
318 875
158 752
224 462
987 584
496 291
280 798
832 859
766 500
353 745
290 250
36 449
906 976
319 357
752 882
440 322
537 212
367 105
816 945
569 747
418 265
742 830
138 152
432 949
859 126
73 933
684 131
449 342
581 517
489 565
458 524
441 826
207 907
134 503
446 37
794 863
603 226
820 902
122 540
436 362
899 626
92 647
857 156
394 674
236 175
365 333
187 917
957 137
669 821
674 621
381 931
358 533
449 297
869 990
943 443
231 501
143 515
148 927
866 180
593 916
120 590
253 654
262 775
707 827
643 164
604 935
4 490
334 625
283 309
107 73
608 594
814 174
853 652
858 998
933 292
662 994
476 177
361 343
469 772
274 882
520 614
872 869
512 950
715 965
534 27
457 981
167 614
409 922
653 391
693 961
716 829
279 741
963 364
488 780
675 32
548 306
515 459
58 34
703 662
694 127
260 739
399 273
997 560
924 752
962 447
343 244
471 419
642 589
868 821
635 514
670 7
103 788
721 93
887 161
964 503
677 762
848 88
778 383
677 587
146 389
238 871
114 273
21 963
394 759
659 65
53 338
477 614
481 611
464 639
449 205
583 806
624 733
645 143
106 25
338 703
464 526
709 988
57 625
994 402
723 592
285 641
952 898
97 797
730 178
939 652
762 25
467 255
50 429
507 654
684 812
131 948
633 812
705 335
390 931
528 704
449 228
550 369
921 407
26 53
743 352
113 156
692 738
435 635
595 473
546 687
650 593
334 414
852 897
654 717
533 772
400 640
862 592
306 362
205 265
921 34
569 976
602 360
846 484
774 385
926 348
288 240
905 338
454 173
824 625
775 254
135 351
484 67
142 176
295 21
977 70
890 865
391 979
543 755
237 774
137 24
657 721
582 942
500 653
532 247
644 489
113 905
703 78
264 917
377 620
873 919
312 897
518 337
43 605
462 843
964 649
839 271
790 817
920 623
960 684
833 210
317 481
854 200
929 743
181 530
867 47
80 395
308 651
338 562
61 118
93 316
221 359
386 988
209 21
227 682
252 879
921 450
50 32
178 493
70 167
296 864
741 850
131 846
850 330
337 421
434 677
897 795
90 689
224 113
425 527
671 985
220 485
827 55
371 115
181 510
69 321
278 636
559 997
138 387
67 507
665 269
258 1000
968 221
419 519
811 889
280 255
851 520
759 607
162 255
401 605
717 79
587 163
377 814
297 334
53 71
699 573
321 311
748 762
379 121
255 922
130 855
477 23
276 585
170 52
833 412
446 409
873 627
622 22
19 169
167 289
170 455
373 764
449 4
892 296
587 282
682 58
504 756
670 539
587 491
515 598
420 786
478 40
925 631
990 903
916 878
743 629
856 103
505 127
69 390
19 613
478 330
690 210
832 15
923 376
766 648
912 247
952 664
737 902
663 122
847 457
432 268
6 554
474 981
780 5
702 769
491 632
996 63
153 23
210 990
908 417
258 682
172 100
284 942
304 52
990 560
223 843
150 599
813 237
343 98
327 921
848 25
275 258
744 497
997 993
488 207
508 18
728 473
186 282
495 276
561 894
532 73
161 473
181 918
555 233
920 794
543 600
584 647
659 183
878 41
648 932
833 376
578 442
15 128
368 353
541 216
527 101
549 765
860 786
238 938
579 938
854 240
436 393
442 714
518 571
334 852
786 387
326 456
273 220
936 300
994 126
891 746
749 264
992 515
222 152
687 54
780 372
286 757
308 865
936 74
794 168
980 492
689 950
687 167
46 21
339 13
841 243
91 578
201 108
645 767
776 610
201 253
684 766
6 534
577 586
525 658
432 391
417 565
126 33
438 109
665 223
492 926
241 666
239 371
702 889
423 328
595 139
689 114
543 107
802 819
659 678
896 308
699 185
262 89
431 818
124 288
90 880
273 342
346 230
698 115
100 265
856 311
559 770
29 787
357 422
472 688
207 534
801 394
561 922
673 800
217 668
678 563
436 954
419 684
868 901
760 518
418 68
877 849
226 709
613 983
200 684
510 969
924 193
977 916
808 646
617 584
991 255
808 533
754 337
61 983
958 351
612 852
356 565
250 16
51 33
415 576
967 23
293 36
810 350
723 595
942 691
286 823
857 921
87 788
127 219
897 958
540 154
541 591
936 407
477 41
39 870
614 682
634 92
545 741
965 788
896 805
234 393
814 548
914 630
990 377
995 517
710 104
325 6
292 209
847 385
261 814
558 204
908 11
50 799
914 756
58 370
724 803
158 713
430 946
182 211
619 332
909 512
380 728
785 754
515 409
773 571
267 192
828 551
569 689
896 143
183 477
650 402
210 413
85 607
413 88
492 567
418 334
648 655
974 363
812 386
206 175
742 967
636 350
656 926
553 886
716 742
521 272
995 425
902 151
618 704
94 372
432 717
507 3
234 713
109 459
420 650
238 145
42 388
616 33
544 718
269 411
126 490
274 51
129 732
924 153
104 356
69 766
758 154
327 58
757 641
459 962
226 971
198 850
492 10
477 762
922 537
209 808
206 386
322 457
266 312
804 581
823 529
771 276
577 69
407 64
742 942
913 825
330 95
368 230
758 55
355 480
709 721
356 783
606 990
692 929
982 153
145 354
848 687
473 670
610 489
795 345
120 869
322 909
561 260
12 244
785 444
954 349
439 151
482 694
603 574
714 381
509 111
419 347
595 696
564 899
357 139
33 717
56 666
515 501
699 112
979 77
797 515
737 127
394 22
555 593
132 678
114 146
243 330
911 301
72 354
881 764
735 448
646 74
560 407
869 403
907 698
108 971
794 939
646 229
498 791
560 358
355 866
983 380
808 800
535 823
39 388
47 905
947 663
143 410
576 699
674 980
513 594
734 732
492 223
299 633
283 156
393 460
216 169
330 913
874 850
730 478
58 775
458 61
463 780
840 813
969 655
342 667
736 654
149 541
408 665
279 174
611 681
301 306
528 762
268 445
253 601
681 428
679 649
719 364
620 167
836 170
508 760
660 701
572 49
168 279
337 384
652 121
324 154
202 762
665 194
442 77
29 635
379 762
104 480
824 861
795 862
237 760
272 388
314 3
277 125
98 938
46 698
358 376
513 167
586 983
382 370
955 246
774 334
63 797
634 955
656 681
675 151
659 762
897 177
572 629
280 173
355 595
506 973
345 585
287 618
937 781
440 307
591 440
656 599
750 283
294 269
211 821
324 397
870 506
878 191
593 519
445 768
617 311
301 516
68 633
364 720
971 376
458 413
223 159
868 192
265 507
434 482
74 589
365 186
791 546
441 538
298 373
464 661
844 424
923 105
728 369
910 7
895 975
930 705
327 147
809 912
627 953
991 440
994 396
195 805
70 947
122 418
198 371
232 921
469 544
382 835
46 26
158 560
184 799
558 177
944 709
887 959
504 60
178 261
14 935
460 678
75 663
941 232
687 388
871 107
504 427
706 650
987 598
913 591
953 746
242 547
684 654
374 292
633 338
833 482
998 106
746 979
927 58
589 206
461 128
613 385
172 73
725 185
468 148
78 167
591 761
873 125
499 558
270 629
842 672
704 812
183 710
632 244
120 456
907 484
824 454
592 674
419 734
841 546
579 444
564 520
910 564
623 47
290 337
592 817
403 50
826 342
632 466
778 490
213 343
747 771
108 531
143 60
761 847
243 544
314 418
319 863
200 685
256 591
55 881
703 165
303 299
506 421
474 498
865 874
981 554
522 713
156 95
221 639
188 360
523 737
139 820
377 289
175 82
880 440
516 126
754 417
473 323
764 203
545 695
490 981
473 163
136 753
415 353
307 360
292 508
611 790
830 628
101 844
244 172
956 58
116 271
957 367
463 26
933 151
514 284
58 640
442 291
758 496
399 691
923 577
693 859
804 196
128 877
845 560
93 779
42 815
297 798
745 356
138 282
600 609
283 863
127 636
76 706
305 59
206 69
779 31
284 919
266 166
267 195
508 373
399 454
993 83
384 37
702 741
872 752
263 279
711 873
412 714
953 337
55 657
242 952
618 303
211 911
711 766
521 390
918 640
122 725
915 79
806 609
219 281
497 95
631 468
479 859
669 183
906 347
928 511
431 676
289 331
843 748
683 7
425 283
101 859
764 106
70 575
75 471
440 184
739 828
575 386
833 295
764 473
378 140
565 152
434 426
828 267
248 880
740 485
144 603
43 531
541 304
139 848
835 527
984 211
877 376
914 130
61 107
451 851
911 723
808 922
771 420
165 925
460 719
356 776
50 79
303 771
396 167
364 371
79 1000
636 711
400 945
878 892
757 117
581 327
68 398
748 280
680 8
516 406
75 718
97 394
281 212
46 445
269 738
384 372
539 957
157 577
582 290
714 378
456 70
23 580
750 947
533 151
201 406
385 207
979 739
717 585
784 403
859 841
915 587
699 224
924 651
211 655
229 81
713 412
437 4
683 308
798 7
198 819
15 283
841 544
950 322
232 105
802 461
329 945
660 979
848 403
754 437
464 396
483 184
981 665
530 579
161 428
933 518
792 378
406 910
544 747
605 910
256 567
77 673
705 856
728 487
564 149
786 251
476 757
162 47
652 720
728 406
47 238
347 788
837 720
169 20
703 467
108 31
574 324
351 949
991 357
574 471
61 224
535 279
597 926
253 600
969 287
790 287
277 440
67 780
321 524
50 194
623 720
235 194
71 600
575 566
863 959
634 260
197 2
715 589
989 102
139 137
858 803
451 395
158 352
698 904
76 804
96 106
378 784
480 393
82 85
229 258
486 179
290 134
988 81
21 22
594 184
34 131
897 7
845 841
404 113
478 934
45 257
48 43
812 37
848 720
964 248
773 750
111 113
630 899
24 179
958 922
869 37
545 343
569 345
41 811
540 558
337 877
601 552
772 745
510 832
792 295
354 488
889 431
146 412
754 73
510 979
795 521
209 452
172 712
808 126
929 828
531 96
952 139
147 875
499 872
445 82
636 843
777 369
688 788
891 895
692 836
347 993
248 390
728 144
623 797
832 254
5 956
135 637
687 48
466 340
230 645
601 311
931 738
783 589
348 848
809 194
885 119
170 908
951 357
586 52
633 119
444 466
407 734
784 31
490 112
934 725
370 538
926 581
603 968
371 188
98 988
214 730
751 417
37 687
422 951
963 821
581 688
328 984
177 693
238 302
6 80
544 855
289 76
521 617
43 221
996 205
112 569
176 506
643 922
200 496
328 517
627 427
721 82
833 568
63 103
618 746
472 976
79 207
367 989
764 71
659 213
463 315
301 65
192 590
63 325
30 534
952 56
627 630
51 316
260 31
84 443
449 194
465 258
625 105
290 786
630 474
84 298
602 299
347 860
49 518
195 768
35 631
456 512
353 136
871 213
84 8
857 776
781 782
58 943
245 59
616 673
746 624
728 27
509 502
92 642
697 505
628 636
486 910
948 663
291 140
684 589
595 474
427 572
466 90
784 123
559 621
434 700
951 481
793 963
559 748
743 67
151 71
656 69
286 256
603 597
296 564
651 378
427 801
547 189
383 961
837 300
819 817
953 487
113 578
86 348
7 252
837 701
894 294
988 831
682 638
662 440
495 11
690 642
581 696
180 327
608 266
320 834
640 53
34 796
308 163
241 192
668 579
320 753
659 128
971 434
75 377
973 352
297 993
761 874
420 813
463 758
717 561
35 983
246 22
532 353
442 741
609 882
759 416
392 60
502 907
308 368
97 739
95 40
99 45
961 410
696 217
381 171
246 63
196 768
70 873
701 201
630 337
852 843
209 959
651 72
348 762
993 267
636 593
909 13
396 160
490 263
519 850
889 443
482 995
106 823
988 441
92 358
843 486
679 884
341 413
282 442
109 924
605 160
957 739
997 566
689 845
654 573
694 510
383 647
556 507
97 506
760 166
478 681
616 970
746 921
339 293
512 625
678 274
400 751
755 877
738 613
991 853
262 261
871 771
283 826
358 338
154 723
241 672
917 55
385 206
335 582
588 689
710 174
718 61
335 759
798 245
929 378
696 603
510 587
868 889
206 832
236 289
945 752
526 358
633 808
324 651
95 695
670 66
427 179
110 15
920 769
283 285
372 782
891 278
926 155
214 57
604 625
475 527
209 479
56 54
757 754
691 668
160 84
624 649
222 502
494 635
703 333
709 768
285 548
415 629
363 332
900 644
244 761
833 44
544 57
857 934
622 742
273 245
331 315
80 761
796 199
308 537
516 198
61 255
562 260
727 962
999 857
316 35
643 87
93 142
746 584
653 44
856 136
586 17
309 854
58 726
170 824
923 490
27 721
892 973
16 78
970 771
699 323
324 132
612 887
519 741
991 824
686 174
963 487
534 482
627 260
941 420
690 740
125 65
492 964
861 333
573 697
171 281
978 171
337 49
951 752
223 709
759 951
445 715
63 876
690 966
251 644
987 8
521 588
579 450
302 927
105 335
638 867
142 708
839 363
157 25
294 3
920 797
354 489
138 998
540 815
68 635
397 667
427 396
925 389
428 867
688 634
397 748
949 271
915 403
221 1000
938 72
665 888
522 723
407 311
672 172
821 837
716 157
991 21
518 687
316 883
180 772
229 746
657 841
415 617
761 493
799 759
285 697
930 846
255 511
596 281
395 439
892 668
252 694
737 709
539 75
226 322
376 299
529 49
714 255
398 746
314 737
61 372
64 408
746 684
31 844
890 279
1 489
496 595
73 282
547 418
675 377
399 857
111 611
511 389
850 273
499 453
318 779
837 21
340 531
901 938
36 308
44 224
353 664
651 337
201 596
709 235
582 630
914 945
828 687
50 555
768 834
931 142
399 492
475 26
564 884
846 63
629 949
427 927
102 799
195 139
529 671
343 3
223 569
686 535
357 419
125 839
646 669
167 934
149 439
543 283
780 767
513 988
381 430
219 319
958 774
426 591
212 940
947 563
825 83
646 163
423 798
426 14
673 7
748 573
972 53
904 301
820 330
659 69
643 712
238 986
866 387
961 445
299 562
672 200
291 738
771 262
863 50
389 306
333 847
796 105
547 3
467 421
196 813
583 947
786 83
301 409
249 221
891 794
269 56
311 413
297 311
316 117
245 137
445 343
931 560
168 36
886 386
905 641
600 39
415 496
404 519
480 229
795 382
173 190
567 914
534 217
883 553
610 435
421 560
996 840
762 374
712 671
98 452
765 23
606 831
903 381
923 579
961 692
67 741
323 655
949 719
452 41
862 596
646 545
480 434
391 958
769 234
219 863
385 225
837 581
405 238
353 533
462 497
567 86
368 770
572 584
21 446
747 562
718 81
665 331
650 401
194 821
727 157
68 782
708 830
74 862
826 289
129 567
261 18
670 246
341 804
983 341
588 299
517 865
464 305
181 119
605 936
324 965
454 924
240 264
493 954
911 910
750 162
398 290
354 243
704 38
708 754
126 887
731 563
88 109
795 798
100 578
670 690
622 715
53 596
827 673
23 444
944 835
853 509
769 689
844 720
918 331
39 950
203 861
210 756
400 36
202 400
21 548
577 356
245 30
376 355
283 753
456 283
553 243
5 772
102 264
672 527
487 454
997 315
219 620
435 603
871 508
665 555
430 866
567 871
126 237
77 471
154 864
709 18
488 938
911 207
457 913
167 554
556 785
10 355
48 611
379 576
586 958
680 439
256 411
210 346
858 542
231 560
272 697
807 491
902 453
689 264
232 333
719 668
942 819
225 744
402 38
797 290
471 359
517 931
739 751
338 484
190 213
374 943
671 430
989 791
848 405
406 797
318 121
781 895
262 570
828 354
743 941
707 363
247 34
583 708
568 227
881 428
167 477
544 348
47 891
412 388
952 241
471 939
347 761
385 964
209 760
255 573
956 696
169 26
516 755
654 51
924 249
171 564
532 715
19 504
80 762
616 476
246 139
619 943
448 604
921 561
297 271
406 443
245 65
901 854
273 278
799 986
809 228
294 908
792 982
832 3
326 797
340 564
587 507
727 803
267 321
16 79
179 525
295 695
401 985
387 568
619 491
658 677
842 326
400 701
55 23
607 602
101 567
775 894
854 797
669 811
236 968
484 429
738 518
131 588
980 575
263 990
226 900
71 926
137 664
929 404
712 4
287 710
807 341
590 37
21 502
3 791
940 236
907 509
23 681
522 156
906 63
234 618
623 20
540 552
817 601
301 712
160 288
694 801
203 838
42 456
329 828
881 511
610 663
152 567
282 746
946 693
907 953
410 183
575 452
192 659
546 644
597 100
830 57
605 769
967 158
759 24
674 377
737 590
534 487
983 225
633 569
189 107
535 280
995 783
852 140
28 350
757 777
782 738
481 119
46 25
549 142
787 761
383 376
65 694
120 928
391 183
488 708
529 850
544 207
511 388
900 975
12 191
235 462
334 54
928 955
780 180
983 927
879 734
439 841
138 500
11 78
287 789
710 177
425 833
298 766
465 103
854 539
267 809
162 65
66 319
275 290
42 763
911 634
645 523
357 418
237 908
54 322
113 646
518 189
958 948
45 755
593 873
673 149
912 939
215 810
532 810
165 465
208 956
371 536
9 61
636 20
29 162
506 305
587 760
526 818
241 4
522 869
961 259
930 542
454 960
700 936
890 266
53 462
313 625
631 49
479 292
133 998
550 57
308 700
737 518
465 827
700 110
877 290
201 833
308 547
350 418
740 622
338 474
869 846
763 455
658 809
936 411
700 492
59 476
153 919
598 503
534 909
106 977
892 784
14 612
552 203
127 37
858 967
16 120
609 159
827 832
735 715
244 246
582 170
196 369
576 511
297 754
597 551
46 279
488 745
895 262
148 355
634 611
871 793
430 545
385 224
870 467
836 199
450 390
34 201
626 559
440 656
388 592
25 826
233 959
312 330
332 821
910 612
748 543
440 817
4 535
132 492
94 666
169 609
502 751
602 201
534 838
433 773
344 360
519 648
706 42
997 505
449 51
397 307
74 640
915 458
113 238
245 123
132 32
320 256
835 611
376 571
198 289
758 361
596 636
502 171
855 749
70 879
678 110
2 455
443 699
815 67
49 544
805 121
623 742
2 374
274 755
557 882
724 399
784 812
70 9
571 532
188 220
306 179
165 764
970 739
76 940
535 151
775 644
324 162
847 22
116 12
814 965
340 596
606 683
76 658
186 190
885 496
499 45
858 620
585 492
452 157
915 735
242 761
298 551
341 134
824 675
219 43
455 393
621 972
413 135
822 431
789 988
663 542
6 30
835 528
708 140
485 309
893 152
729 53
425 78
864 898
439 708
195 881
270 338
331 346
493 123
609 946
429 622
976 91
36 480
711 509
677 701
125 592
808 804
271 172
347 474
282 663
119 118
735 280
955 904
282 518
320 509
139 915
835 462
928 252
782 203
803 812
280 103
825 356
807 780
683 770
355 213
194 333
166 343
319 142
579 578
89 466
363 223
127 270
992 653
516 39
80 763
317 226
878 573
737 703
631 799
300 603
763 399
808 158
936 83
176 728
448 797
876 309
457 193
684 896
301 464
858 959
269 690
73 49
571 286
475 485
299 210
923 413
124 964
680 374
419 234
480 396
245 644
375 757
840 380
950 225
515 324
649 968
936 943
21 19
45 237
162 459
698 233
310 243
6 216
67 21
741 23
827 308
354 432
657 53
685 814
82 261
674 449
747 765
986 351
146 614
405 519
691 830
194 890
