1000 9897
251 887
413 28
215 912
863 569
979 283
726 260
871 741
360 157
753 346
254 761
739 923
96 759
43 912
225 981
88 519
655 185
697 115
332 434
482 445
889 444
228 355
657 557
34 548
972 98
186 859
852 568
9 994
877 27
92 885
921 833
630 509
26 615
123 381
169 627
769 857
356 218
667 274
163 269
178 253
726 626
531 323
773 642
832 322
814 470
959 683
657 105
397 174
130 491
810 409
574 502
667 48
391 400
49 761
732 602
970 67
148 763
277 473
101 677
687 162
672 729
987 652
454 323
171 955
770 93
75 651
762 451
11 867
234 120
552 413
206 194
82 52
194 666
983 926
361 123
271 514
399 633
515 416
76 730
668 950
267 219
766 101
462 975
254 857
517 695
3 741
975 731
582 523
159 494
881 606
148 29
445 749
85 582
600 854
86 737
806 750
335 803
669 318
188 280
346 812
608 464
57 78
25 744
527 305
111 372
576 507
892 143
677 629
146 511
554 256
995 366
557 651
319 680
433 873
144 740
330 755
222 317
374 232
566 746
689 252
649 206
189 29
373 800
820 353
23 410
217 381
661 992
204 589
317 810
564 962
918 284
666 301
231 245
179 934
698 762
537 568
554 614
598 615
838 182
97 758
149 819
666 193
995 13
97 467
153 33
67 743
834 149
20 695
242 579
334 19
582 315
410 547
705 938
471 142
963 334
715 835
584 185
37 977
225 593
712 93
290 835
954 902
629 568
560 17
945 713
626 782
702 459
355 764
962 268
6 241
271 986
237 269
954 728
919 862
801 123
289 776
21 406
907 627
69 872
997 504
691 645
14 154
916 626
687 689
85 15
583 94
476 541
710 397
465 79
779 772
320 47
667 428
966 170
587 35
331 481
135 561
726 746
417 948
827 897
918 312
386 73
648 268
776 449
434 893
240 692
192 311
906 95
452 873
115 945
814 91
174 250
35 80
219 927
349 272
245 687
177 391
196 485
508 439
434 558
889 672
261 559
390 461
693 556
806 965
163 837
129 85
917 52
920 328
116 803
408 28
998 129
762 85
882 422
258 994
560 174
559 848
176 167
11 363
217 573
380 991
162 134
882 313
538 733
722 334
959 399
851 526
581 665
176 629
630 810
8 719
699 691
219 460
642 702
94 631
275 59
862 488
247 399
293 675
22 808
703 104
134 413
318 206
982 49
948 65
363 547
380 387
865 805
863 342
976 378
155 319
374 161
401 147
644 233
61 937
908 678
263 985
52 860
165 91
602 941
726 788
505 144
469 309
393 578
442 675
45 518
490 727
78 463
370 897
192 117
719 533
767 462
808 159
960 74
597 779
981 428
801 798
805 894
663 112
232 832
805 975
866 751
334 425
600 319
712 729
894 161
396 308
415 232
400 703
534 212
921 115
244 94
119 834
945 85
304 91
554 766
197 24
236 970
167 712
25 215
617 877
559 534
751 779
567 107
201 438
208 406
776 904
694 106
543 427
536 372
422 617
10 103
159 410
539 964
224 607
821 398
199 494
163 556
994 978
530 440
613 44
96 884
143 390
530 528
480 791
262 691
467 831
539 659
5 83
82 838
593 338
242 384
209 585
283 206
764 285
912 766
539 433
297 62
26 612
388 387
725 422
105 793
35 718
4 179
8 182
136 331
38 22
691 411
645 118
87 782
308 585
221 312
921 610
204 554
501 88
107 177
783 472
239 852
425 700
558 843
460 866
512 879
326 598
678 480
511 305
663 404
649 766
118 765
379 570
503 909
948 814
405 501
228 648
762 448
231 775
441 449
760 225
409 867
546 612
728 639
603 637
1 57
902 353
371 49
776 981
816 226
780 773
231 741
351 250
970 544
220 346
607 862
186 486
480 759
63 828
706 407
140 571
471 459
399 286
332 787
354 823
814 591
189 944
525 936
400 611
323 947
741 10
924 638
542 53
652 642
103 781
643 926
989 812
294 821
602 243
603 86
312 125
330 931
315 882
65 859
542 471
887 366
484 795
565 30
786 797
289 275
610 697
908 748
621 808
575 683
626 431
226 801
189 171
320 294
549 667
587 472
57 521
520 495
44 981
632 915
173 759
786 78
338 585
819 42
503 557
587 6
697 586
596 312
136 758
969 330
718 847
629 304
925 859
303 731
179 937
506 418
880 234
516 296
280 528
903 600
11 672
359 144
417 649
827 834
480 87
301 23
896 601
89 965
453 364
405 9
459 689
837 502
419 165
112 689
132 938
224 987
303 869
153 465
462 69
673 666
339 506
784 285
767 986
36 442
111 870
559 974
72 110
719 788
615 359
928 679
690 570
431 988
732 385
171 499
146 679
466 557
481 23
702 456
764 129
780 670
813 567
324 546
843 530
609 916
403 85
831 61
441 891
298 20
377 629
938 522
947 814
730 162
198 404
114 703
223 99
855 638
660 632
818 285
792 688
479 282
597 163
635 464
729 132
827 531
221 352
277 574
596 348
210 755
672 292
911 591
734 38
2 231
395 848
684 783
44 622
80 831
468 378
343 930
714 50
383 429
406 252
357 578
214 949
196 704
641 629
922 6
111 567
420 264
978 270
482 705
685 149
2 811
738 609
150 944
863 724
504 343
784 377
192 332
8 771
797 541
944 127
376 913
910 804
72 394
49 922
245 881
635 797
506 947
988 799
408 428
636 265
926 93
336 930
54 264
480 925
997 168
1000 196
85 494
985 688
734 789
271 57
698 279
977 820
371 549
88 557
595 446
455 102
648 911
811 429
80 177
958 172
318 207
329 662
237 5
356 405
506 486
53 403
759 49
2 923
882 732
356 715
984 180
602 751
895 934
329 321
455 257
184 165
465 769
136 319
339 792
286 881
928 917
39 855
64 1
442 127
376 275
174 970
88 135
127 110
718 647
240 834
106 791
787 734
28 110
480 160
153 254
425 609
266 551
358 129
897 719
79 301
810 852
150 157
780 60
568 862
393 521
429 315
267 32
186 80
922 332
319 284
780 866
563 594
395 452
438 432
471 177
589 494
261 403
707 895
711 927
381 164
592 557
257 276
942 581
229 112
547 855
650 84
734 870
368 555
556 942
728 310
168 717
638 577
541 32
925 385
360 957
604 704
557 822
664 109
271 416
60 405
655 462
416 861
553 268
221 646
722 921
106 710
587 29
400 321
155 847
669 559
31 554
325 777
258 210
296 1
848 734
746 537
729 365
982 905
719 334
480 221
852 109
123 317
878 825
888 313
973 782
175 617
213 678
842 763
880 941
849 562
155 793
372 121
980 376
796 777
495 649
453 280
805 627
718 300
115 793
991 792
906 666
747 153
261 614
923 665
301 869
506 777
642 803
862 926
42 599
996 404
410 751
305 499
641 121
509 883
609 685
292 504
479 591
206 781
210 432
141 151
786 745
966 891
346 144
309 12
147 353
920 95
930 200
428 541
786 907
350 986
367 984
575 7
815 628
910 344
985 394
70 612
363 490
346 724
134 757
623 489
202 461
482 7
798 84
66 838
639 519
899 884
688 821
726 861
175 201
89 264
198 218
734 440
910 720
166 388
60 159
79 877
84 21
191 851
969 329
108 243
951 681
348 642
918 274
757 234
994 140
818 51
653 31
382 865
112 325
847 281
171 776
978 664
687 320
250 479
857 557
434 806
440 855
549 161
225 171
979 126
139 267
932 392
2 981
409 973
339 268
585 100
289 551
629 83
419 164
153 464
797 903
525 664
283 853
927 4
971 924
129 79
315 356
500 680
85 774
642 775
969 19
774 264
759 970
760 988
157 661
466 923
432 791
345 538
72 510
972 657
370 255
741 476
742 879
232 228
358 612
253 274
825 913
642 553
538 630
260 412
464 861
971 472
937 728
683 492
385 673
406 885
564 409
123 251
323 493
363 680
401 395
968 666
170 88
422 66
589 736
946 745
948 111
472 800
846 586
13 911
820 33
848 176
204 830
780 202
8 17
597 305
445 36
563 449
658 471
588 916
886 849
731 932
40 785
238 334
979 478
952 201
875 337
303 920
181 665
491 72
847 735
959 749
28 385
946 188
537 617
278 89
596 204
192 154
235 220
537 538
522 743
421 591
559 425
49 400
479 532
823 356
419 98
295 655
250 610
20 742
37 512
116 15
427 684
796 39
524 156
16 773
434 556
552 343
918 890
301 796
339 409
893 962
215 314
436 517
225 514
661 61
38 563
321 493
655 896
307 558
367 500
509 684
38 898
699 964
423 252
323 312
596 991
722 622
752 757
660 840
610 655
237 227
185 296
702 199
852 688
428 884
341 181
381 692
277 925
995 168
298 152
762 677
778 654
428 779
341 38
568 86
382 658
284 740
754 257
403 703
284 202
322 437
105 803
41 459
919 288
939 558
173 574
688 878
339 682
749 395
531 296
458 36
648 460
95 288
129 748
959 688
174 856
786 294
623 775
183 666
693 490
465 913
687 26
266 706
853 270
856 30
227 607
377 174
585 881
783 740
991 513
779 657
219 588
992 204
258 574
849 725
866 749
957 514
63 727
931 955
328 196
71 884
898 208
383 678
665 203
496 778
760 199
577 535
335 771
266 774
84 513
713 247
72 201
20 873
771 979
242 649
335 944
854 896
853 819
158 923
280 5
873 394
530 989
54 203
665 279
150 734
779 170
345 594
21 355
668 738
741 20
29 952
565 870
270 386
288 579
425 443
133 906
725 608
176 419
968 991
76 196
955 715
33 77
261 86
669 121
726 138
108 903
985 316
950 578
310 685
403 509
696 952
659 44
74 628
420 600
850 675
593 336
976 344
942 957
834 90
606 494
166 191
832 423
787 331
946 529
886 690
749 478
71 246
937 345
815 151
990 364
969 707
472 421
148 928
308 139
881 383
365 759
481 26
66 692
879 806
383 407
351 693
932 6
326 893
535 107
295 710
900 548
850 379
667 851
322 948
728 803
732 891
130 187
255 538
210 109
600 285
323 662
913 576
988 156
77 411
375 730
214 732
489 51
362 963
121 339
466 805
379 524
767 945
91 432
719 818
722 242
171 376
934 686
185 164
307 761
949 170
16 762
57 482
403 202
367 773
266 382
51 764
877 696
604 784
553 770
590 295
100 23
504 399
914 739
8 507
366 438
756 567
484 773
674 821
416 45
535 884
212 635
707 295
154 709
208 734
317 468
264 192
47 831
449 196
412 456
472 99
697 366
228 315
990 805
577 192
840 910
69 548
288 309
821 981
109 803
516 101
240 94
90 959
277 695
188 470
230 633
160 383
821 582
1 701
347 963
369 527
98 455
887 709
378 823
520 862
574 401
965 159
425 670
617 700
249 962
414 431
88 320
658 948
934 521
918 386
386 19
562 88
157 852
766 712
657 372
789 415
185 933
704 137
870 794
213 697
586 165
309 570
168 470
336 389
159 24
235 430
25 28
633 375
146 888
854 199
81 853
742 2
927 148
474 268
937 940
79 492
738 701
530 805
656 744
988 821
233 839
239 125
326 332
564 580
690 907
986 274
560 801
200 387
326 730
920 956
984 924
530 711
693 137
877 668
204 458
738 762
264 783
575 58
303 218
1000 392
264 365
536 874
898 913
705 885
869 682
835 726
588 6
790 718
777 363
857 35
70 833
950 852
406 694
382 631
781 339
50 356
588 996
524 636
430 745
691 469
312 611
501 96
643 342
767 512
297 278
979 334
834 471
374 260
361 619
567 559
951 652
790 266
205 810
867 389
425 762
412 912
913 861
991 294
305 17
175 435
509 261
426 324
809 429
318 885
323 705
340 737
351 384
435 719
847 733
663 335
63 515
764 652
357 802
486 142
788 748
171 674
478 802
372 289
85 936
638 28
953 404
816 172
279 804
505 881
767 585
418 136
977 511
567 722
552 517
111 90
973 75
579 492
372 630
836 453
676 622
769 260
110 166
591 605
43 27
150 797
379 131
694 862
199 404
321 427
462 914
156 329
88 559
697 91
76 48
95 852
812 636
985 450
82 865
947 671
532 259
848 168
223 48
122 837
963 649
756 848
451 935
970 329
618 488
299 799
999 966
19 620
593 823
835 782
286 646
400 5
616 767
410 162
305 952
657 419
143 836
684 636
823 271
944 721
32 719
718 244
152 645
257 174
180 215
888 398
858 78
174 277
803 231
568 864
680 378
497 754
25 43
353 886
135 218
84 514
603 530
34 299
197 813
626 657
880 609
2 781
903 209
836 244
429 330
585 396
381 49
54 89
883 179
759 796
371 967
23 726
944 29
146 979
440 332
152 64
261 290
320 994
747 907
215 63
772 946
314 476
356 119
854 722
358 557
589 95
285 222
821 235
974 824
631 405
617 319
32 355
712 453
898 934
612 102
522 842
696 953
277 944
61 857
647 950
964 714
715 196
222 468
614 970
355 245
66 864
397 456
136 334
155 58
139 657
451 899
329 355
992 685
511 79
847 737
813 977
904 883
469 583
865 258
814 325
411 498
799 121
839 786
349 2
991 727
831 898
361 389
653 74
983 711
245 629
752 504
697 894
53 493
527 710
953 641
491 974
628 261
645 887
832 770
227 856
818 365
638 378
624 420
127 755
978 103
124 603
175 841
141 617
475 227
572 819
188 574
354 976
225 472
776 984
229 432
581 939
458 914
59 849
632 141
6 184
297 964
390 27
243 76
655 549
429 324
328 814
663 970
664 990
7 113
102 736
720 367
369 279
594 328
99 634
880 412
836 285
694 919
751 98
552 876
208 34
264 788
947 211
442 715
161 575
539 707
759 292
996 42
105 591
803 906
697 403
657 769
332 466
212 648
692 402
195 602
221 966
807 835
782 592
317 467
981 956
703 649
91 650
631 12
298 480
356 574
549 990
877 140
130 681
459 725
196 954
32 843
251 433
620 435
1 700
900 340
725 153
430 511
749 739
409 630
623 830
19 676
349 245
611 798
500 327
321 604
213 614
737 852
153 779
886 311
10 644
197 50
914 602
663 437
25 449
634 327
282 464
88 415
879 539
71 686
384 352
171 552
745 451
482 683
762 44
55 90
257 7
591 4
154 953
466 887
177 488
620 532
345 894
785 745
589 547
781 679
337 226
418 101
37 989
3 709
152 9
137 731
138 100
665 333
43 161
100 470
279 993
397 874
495 343
998 586
471 718
493 146
919 858
388 770
650 253
959 117
137 6
375 146
893 465
894 922
473 414
158 316
973 281
248 922
670 267
782 321
142 928
592 51
662 881
63 358
986 855
414 724
773 915
87 749
579 95
598 219
878 699
438 708
919 143
762 976
100 735
729 137
982 725
288 449
50 941
936 493
954 764
676 279
969 389
511 914
724 507
583 602
52 475
897 631
308 802
280 623
425 522
67 937
177 217
914 833
288 798
642 421
516 414
314 786
6 580
366 614
443 235
599 588
619 402
362 905
589 630
421 816
478 803
135 6
760 291
324 77
36 473
438 477
115 64
560 211
427 844
524 374
285 294
702 649
115 497
561 255
907 471
637 76
177 758
552 518
301 589
12 640
788 33
916 478
114 26
82 572
764 160
600 897
638 729
109 277
328 580
989 785
630 857
759 383
996 19
651 680
355 29
271 171
76 49
441 660
333 606
655 209
643 761
19 175
61 820
874 953
691 741
217 110
683 889
21 773
685 136
89 420
829 416
796 175
42 28
106 737
530 127
682 322
254 156
623 769
690 200
838 464
37 383
738 601
994 178
891 44
988 404
736 485
148 595
535 65
738 335
520 998
105 887
559 335
563 776
803 104
433 83
77 344
996 782
101 622
482 736
672 912
840 274
36 287
129 491
183 88
167 631
496 780
30 923
262 329
154 846
873 366
640 635
619 643
180 625
241 581
438 441
519 384
615 347
673 560
665 501
757 566
452 140
24 422
479 596
595 983
393 889
893 198
111 121
39 236
498 78
890 828
212 800
301 689
910 545
927 909
751 73
254 659
333 352
880 394
916 545
820 854
159 676
471 758
919 642
497 31
674 815
469 266
865 980
682 226
886 578
800 150
657 544
530 302
714 723
329 695
293 468
467 545
827 938
910 413
380 894
52 909
553 736
200 920
421 112
574 14
353 410
631 43
680 416
763 211
87 661
184 492
758 426
636 946
583 85
89 305
697 562
490 311
158 96
113 49
44 674
487 154
31 932
838 60
788 865
947 340
862 321
794 33
245 321
211 465
999 88
529 852
144 502
272 315
442 135
797 783
400 671
976 702
921 83
137 988
138 367
581 25
561 803
15 999
732 155
182 124
519 343
560 780
408 41
428 212
388 970
328 960
113 606
372 393
637 387
119 432
585 312
396 905
966 858
206 784
688 63
86 762
802 43
593 246
989 667
656 940
920 977
171 169
798 982
345 334
910 564
169 920
426 9
636 18
675 501
413 285
225 289
440 165
593 289
246 265
119 53
1000 317
521 45
8 120
217 166
218 393
365 294
879 842
578 185
619 591
670 985
566 670
970 319
493 642
886 301
682 920
411 179
286 829
738 150
537 993
648 390
117 423
62 632
481 841
245 3
767 122
415 505
865 158
33 876
253 905
777 143
20 606
426 853
870 792
414 306
770 58
664 553
684 724
280 818
98 521
876 536
879 651
132 918
115 246
279 685
135 790
569 989
591 180
684 506
686 344
727 436
871 758
931 339
238 355
755 951
901 631
388 606
480 663
464 236
964 169
488 226
696 583
825 805
414 609
629 515
8 585
172 836
176 271
362 598
879 79
699 957
574 571
523 235
156 496
731 76
74 857
717 49
55 910
671 810
25 719
501 646
584 378
74 936
151 572
522 944
572 896
217 992
184 215
972 80
539 607
744 911
941 843
48 902
70 583
643 557
117 744
428 945
711 202
658 466
677 374
108 305
644 129
22 533
494 726
334 875
667 317
37 120
245 197
383 579
598 331
411 159
359 381
472 415
287 967
734 411
844 719
718 687
719 402
166 566
779 537
796 921
755 839
875 112
362 325
749 599
552 173
115 519
760 464
558 135
995 555
300 915
482 618
71 764
555 911
771 218
372 221
581 191
293 839
549 465
37 525
496 993
686 154
357 800
823 948
395 79
609 415
280 957
686 261
301 793
533 158
36 474
684 478
426 506
724 559
485 93
505 887
116 253
916 249
240 237
910 987
33 293
307 642
606 543
676 850
51 649
637 596
807 198
115 270
356 44
780 702
971 505
95 705
599 209
506 256
582 897
843 643
165 403
720 86
259 594
978 166
904 285
501 523
82 863
104 315
999 566
132 115
387 34
692 75
804 909
531 79
437 624
722 798
195 930
568 456
751 601
866 309
518 586
201 690
919 146
335 347
134 978
178 162
383 111
636 653
505 501
13 116
862 475
849 808
995 758
634 410
27 824
946 46
819 260
453 14
143 838
862 362
663 399
645 640
408 385
540 506
465 688
671 640
193 705
451 485
645 785
525 507
125 375
197 154
969 241
936 774
272 702
427 653
11 970
90 577
931 13
201 296
888 110
85 842
589 490
883 181
957 850
428 128
582 545
471 34
399 257
682 687
534 708
405 912
725 779
372 549
524 490
447 53
363 966
368 976
919 959
389 396
985 615
930 167
168 7
806 422
337 757
584 690
311 973
402 43
556 712
562 781
744 952
542 271
35 919
971 195
17 273
398 182
165 233
425 116
579 919
84 287
342 979
127 347
843 26
408 801
886 156
668 71
796 140
698 257
682 295
496 286
838 418
896 933
880 116
934 913
684 828
151 409
317 881
526 383
912 191
676 296
435 506
473 691
438 943
430 209
974 525
525 61
240 718
892 890
309 946
131 866
525 398
28 746
110 710
224 69
79 201
119 908
154 816
528 13
676 925
89 797
145 979
167 538
663 369
280 838
922 317
125 396
915 684
215 633
813 181
742 101
29 710
391 995
163 768
722 241
595 773
228 890
45 348
61 688
784 468
146 565
876 728
523 113
543 370
565 726
417 14
608 359
169 765
96 587
370 38
817 493
329 999
493 172
539 852
267 669
752 673
750 428
290 726
419 806
189 452
246 671
583 267
821 143
414 623
465 853
5 434
90 298
660 754
518 752
385 916
406 574
999 725
857 196
621 99
951 790
553 707
934 64
829 374
80 411
457 327
969 131
691 662
284 64
970 143
308 554
106 96
45 585
31 522
624 6
329 238
165 880
830 610
601 282
885 287
134 749
841 148
880 894
898 117
737 987
661 230
410 267
515 437
607 522
354 156
760 147
723 9
262 391
616 983
50 997
569 883
85 545
519 293
386 419
461 989
157 484
585 505
886 872
570 271
509 49
756 118
29 682
733 834
681 831
385 362
48 492
546 359
272 545
452 326
220 682
941 494
358 536
52 403
180 328
335 965
259 859
632 393
975 745
237 250
412 374
739 584
838 780
679 116
829 583
612 425
122 957
910 312
783 42
532 362
274 38
536 877
296 498
904 241
354 280
50 746
617 390
356 510
530 375
70 580
878 351
130 617
496 233
5 295
43 280
782 97
86 306
677 373
860 941
938 867
795 790
264 334
458 49
549 779
736 782
572 508
113 449
95 305
744 573
139 731
892 621
255 447
944 872
700 347
707 143
50 672
545 557
982 602
951 649
239 651
630 72
853 743
361 761
185 192
148 697
990 320
793 644
296 876
667 879
11 707
340 381
107 410
71 767
478 519
651 435
814 93
442 188
614 318
266 878
489 270
980 166
594 202
666 207
874 559
278 665
121 612
321 677
875 703
470 625
175 326
185 775
413 87
315 644
997 864
52 393
340 817
548 382
573 797
479 626
741 363
155 856
760 908
817 331
381 268
552 520
65 587
426 25
198 70
78 391
337 895
746 469
621 743
693 234
324 515
460 808
741 222
180 66
590 397
441 666
308 197
99 402
7 671
227 54
29 276
208 858
951 809
952 249
901 192
99 112
583 994
894 440
951 862
648 97
832 462
407 8
411 205
18 809
184 577
353 350
909 471
782 927
640 884
921 569
378 874
89 757
58 620
165 776
809 459
755 857
45 802
490 499
400 919
405 362
923 485
541 861
111 598
130 211
867 640
63 723
10 557
229 907
512 935
417 549
110 666
55 178
450 936
524 54
843 829
824 872
185 946
827 111
793 51
760 58
255 911
470 925
149 184
8 804
183 184
485 112
505 786
180 738
881 939
172 894
245 848
252 204
897 319
721 979
281 530
545 365
671 485
199 484
570 136
916 508
720 277
67 551
337 859
708 575
587 583
643 825
7 626
800 780
602 136
985 256
858 62
62 916
754 127
919 525
392 110
708 540
982 87
160 26
735 357
42 210
830 11
625 123
933 770
915 267
682 2
711 141
350 63
389 609
15 849
144 812
382 620
839 675
986 734
718 885
754 658
611 231
830 583
248 511
447 801
568 89
340 471
982 898
72 557
126 480
386 11
225 17
26 34
390 579
567 897
700 38
701 859
16 163
642 107
92 470
348 72
735 620
421 916
447 282
942 206
318 899
409 869
727 573
417 434
993 871
997 855
543 95
301 864
655 689
287 797
755 989
292 613
244 350
910 993
983 245
572 556
521 518
59 707
703 746
297 115
531 605
915 349
493 282
51 704
531 714
513 811
818 663
405 661
551 132
865 901
897 173
722 562
652 989
156 140
319 832
450 913
416 33
791 813
21 982
118 474
119 55
639 812
682 87
12 593
801 291
839 431
402 302
847 928
670 607
655 297
844 342
259 472
978 992
991 278
200 278
959 756
607 198
899 25
994 137
64 150
486 782
990 357
150 124
282 428
528 332
89 606
897 665
491 798
476 106
704 141
922 124
82 241
250 587
254 51
771 881
757 440
650 578
482 678
999 463
469 924
55 87
277 73
758 530
284 891
603 607
766 57
971 915
667 718
655 661
505 857
660 381
384 48
292 665
422 600
258 537
479 537
461 62
462 361
618 387
604 210
954 897
827 373
774 156
299 60
212 133
323 178
159 600
306 956
140 234
203 984
741 40
320 860
212 858
450 211
967 538
151 713
647 324
280 398
137 11
584 380
930 344
717 128
384 636
521 365
333 695
17 702
920 717
725 262
828 817
319 757
982 415
587 365
402 131
177 942
910 91
754 361
558 713
246 53
196 778
583 910
179 124
363 235
618 958
541 438
245 422
446 554
838 344
676 387
397 158
607 149
244 909
14 729
202 409
37 396
121 47
853 742
433 219
552 175
19 818
904 620
893 522
386 354
686 41
101 540
395 240
572 912
816 322
339 235
324 57
606 659
720 750
702 850
836 156
40 359
305 348
107 584
313 335
220 361
101 186
928 874
436 689
73 601
312 511
585 234
320 922
742 189
13 369
708 101
988 789
972 690
111 102
82 680
321 480
584 442
892 165
954 788
313 132
224 569
902 220
856 794
103 851
894 554
946 823
708 557
485 543
329 783
646 352
540 739
707 667
389 217
288 48
108 733
15 179
623 334
626 414
863 351
388 7
540 777
144 547
309 433
290 993
22 580
60 399
283 104
655 496
365 492
972 340
357 825
47 729
339 689
636 937
329 331
754 540
682 321
683 536
669 581
84 219
838 324
197 324
311 476
995 875
670 945
503 640
362 276
825 341
770 738
519 936
810 572
259 206
799 456
726 632
923 743
197 102
783 739
110 953
199 536
267 989
852 454
818 242
858 903
145 612
330 424
81 614
723 83
682 19
913 311
750 888
646 599
334 999
767 708
286 326
73 283
367 409
993 858
902 380
79 277
750 602
733 792
145 791
737 349
538 870
479 704
150 608
284 978
506 878
927 872
270 613
586 554
76 396
703 390
834 608
346 134
510 621
635 628
742 808
742 363
938 341
132 428
703 983
116 595
7 988
90 50
454 563
313 273
575 233
725 732
730 66
712 457
881 502
777 51
564 205
895 669
97 688
29 659
28 2
817 899
434 361
914 31
716 151
837 748
829 336
961 88
155 385
528 933
86 379
145 107
454 255
751 639
772 16
614 857
313 779
616 402
7 293
491 390
553 391
720 502
83 336
230 545
191 805
22 829
297 338
886 444
482 974
784 876
861 882
700 432
258 95
477 73
465 513
600 196
177 149
326 886
224 232
874 733
390 723
983 688
54 876
170 586
554 684
587 128
118 615
752 935
799 194
765 690
729 642
931 90
71 855
685 215
654 882
822 272
920 280
3 604
133 533
171 750
978 242
828 528
388 613
667 658
394 210
314 269
137 268
67 79
859 59
671 700
129 944
298 793
371 709
119 355
284 724
548 661
678 556
897 395
756 720
151 676
208 38
890 718
123 213
372 689
604 924
312 4
781 43
488 325
911 15
155 335
247 253
982 112
877 102
364 959
325 548
109 141
443 569
425 86
479 303
1000 734
1 775
572 474
293 215
445 508
621 131
736 723
753 779
991 273
227 700
925 931
752 77
588 675
574 410
957 498
219 558
670 905
322 779
239 742
844 900
3 252
633 943
960 137
379 68
600 160
638 440
966 499
610 329
900 517
561 267
853 547
862 691
831 640
634 690
286 271
966 669
110 595
77 442
900 827
68 195
34 367
915 714
823 941
206 81
79 461
746 74
837 273
15 629
863 785
898 439
150 552
172 176
135 316
798 132
694 85
220 676
884 323
157 181
377 689
752 993
289 101
54 295
916 454
594 296
385 799
134 143
483 315
673 223
391 628
432 619
695 554
76 186
9 247
393 144
910 655
829 581
761 887
155 698
449 409
554 492
352 844
557 743
905 158
545 231
836 850
496 235
194 382
322 427
606 744
805 270
553 317
751 582
57 558
259 422
61 14
430 317
503 409
71 181
476 523
558 569
249 135
895 792
783 276
115 746
22 778
619 842
467 169
433 329
382 820
662 858
596 202
921 43
525 242
343 955
37 296
258 7
480 155
358 156
183 963
324 171
521 897
535 563
698 875
36 374
475 190
564 914
149 49
650 758
907 237
283 823
34 371
987 283
884 129
703 591
67 489
966 923
860 186
29 756
955 342
120 413
584 44
201 384
902 66
673 778
954 789
439 735
725 598
302 503
307 933
894 555
454 724
200 563
403 118
96 740
449 500
90 462
273 678
27 467
694 637
18 242
717 820
169 870
190 908
943 342
179 445
951 811
627 571
264 157
448 426
123 360
765 921
199 983
162 490
762 897
230 939
58 234
530 123
515 725
98 25
190 633
31 575
503 530
895 828
786 288
748 242
905 630
411 493
203 264
326 248
186 320
689 900
62 646
727 836
668 860
44 205
240 712
3 308
547 435
225 567
736 360
224 188
650 904
600 263
140 858
549 498
850 820
34 292
604 878
439 895
206 30
651 191
637 28
124 675
189 693
145 790
21 395
801 758
116 783
23 749
651 12
976 452
8 36
453 720
368 836
976 899
439 541
413 313
228 208
767 761
474 112
937 888
5 931
668 760
544 961
816 939
752 783
177 615
843 578
950 314
642 747
826 380
691 950
124 103
327 322
882 55
829 540
152 658
104 139
782 402
360 789
404 590
660 874
644 407
646 333
355 26
708 542
949 276
777 387
227 84
599 468
359 595
791 678
540 998
691 370
434 249
363 293
312 677
938 825
209 867
250 113
605 569
593 111
437 883
905 513
818 802
912 291
322 34
491 22
274 560
25 715
630 7
244 966
575 898
268 42
743 284
191 949
841 364
624 108
295 879
887 541
430 687
433 226
725 851
970 987
898 108
221 67
331 655
940 759
481 254
335 207
230 403
893 561
378 622
876 116
262 414
390 355
267 500
178 648
126 83
292 897
387 943
484 489
558 583
841 936
471 253
182 112
637 606
6 802
928 804
837 316
231 541
785 657
495 88
11 201
73 528
898 579
58 164
43 184
393 921
622 412
215 990
402 729
555 293
459 392
884 415
595 612
293 372
673 818
994 910
336 236
378 411
365 111
256 429
904 329
63 504
488 326
716 470
960 544
557 642
405 27
236 959
553 695
22 266
598 195
575 371
429 517
970 315
18 988
476 544
421 481
888 928
5 517
100 544
230 627
674 755
144 778
350 424
481 463
407 931
411 292
998 805
487 241
931 650
335 50
214 929
474 978
571 480
590 572
511 477
962 959
562 37
434 285
675 286
37 533
847 4
25 117
875 839
474 756
387 907
376 782
804 668
656 448
450 172
770 344
759 850
667 883
822 108
76 582
292 667
558 264
557 145
786 124
419 536
354 723
48 382
485 263
570 223
759 194
411 521
254 687
419 886
761 901
890 739
172 614
142 826
806 493
517 854
795 604
868 62
134 430
941 822
212 570
428 655
146 472
700 983
166 31
357 661
782 245
434 351
497 261
762 763
838 700
401 63
899 968
481 265
958 357
283 63
160 290
677 195
848 639
64 142
250 169
288 454
454 87
594 754
369 557
577 448
425 851
961 801
767 477
460 851
653 60
734 185
98 711
818 204
432 287
427 1
645 825
707 732
489 211
219 918
190 512
404 780
171 523
729 761
345 812
730 663
986 11
258 729
412 522
499 55
617 888
580 372
393 614
546 420
119 431
787 95
37 875
591 148
619 853
323 114
968 125
975 536
422 634
519 40
8 922
765 114
313 77
417 90
293 999
989 586
242 977
663 777
663 821
659 458
56 885
239 652
594 269
741 74
155 635
962 361
265 239
263 524
234 652
678 629
471 745
163 648
612 505
557 552
65 874
551 793
933 521
937 590
337 542
34 534
344 799
186 651
425 243
28 56
321 34
189 235
320 358
785 148
236 202
623 558
551 317
539 349
688 869
781 312
235 770
400 349
53 701
402 391
227 358
1000 934
587 589
436 478
469 429
74 31
848 746
425 847
102 449
250 316
896 844
348 833
511 183
726 428
847 297
923 329
862 366
130 63
832 909
410 223
984 760
487 287
110 814
129 381
729 471
831 842
563 700
361 500
156 342
449 841
157 568
339 461
747 312
819 599
215 358
162 366
736 183
590 528
3 610
297 833
745 303
374 849
87 462
107 566
716 920
479 706
392 582
944 19
547 974
968 153
567 403
239 66
370 175
354 808
343 224
915 995
480 962
730 814
657 597
189 282
536 27
476 912
425 444
37 614
670 170
48 661
857 417
952 459
661 429
484 714
777 49
65 231
851 896
798 665
694 606
398 11
518 314
26 394
83 903
374 154
191 496
563 738
910 102
930 608
878 282
442 874
173 650
201 705
993 238
593 619
66 157
671 869
635 400
122 69
486 546
969 708
930 834
37 60
256 957
39 994
723 565
192 59
875 286
396 141
969 341
507 754
1 731
828 710
425 683
239 653
710 236
182 565
438 931
455 515
866 934
171 804
207 98
799 430
676 187
570 804
760 268
944 755
562 62
980 273
912 81
676 10
922 360
580 430
743 82
368 498
185 610
628 434
976 691
633 348
324 115
508 496
557 27
371 56
297 957
172 63
926 336
50 735
769 11
493 501
590 925
58 50
738 567
8 963
382 754
816 106
428 896
167 965
262 987
210 424
568 475
641 226
954 859
777 994
65 560
545 270
289 200
436 905
403 64
281 668
707 899
360 227
270 272
971 389
510 873
742 564
779 143
840 982
595 876
184 192
590 456
276 528
66 188
765 638
839 283
520 265
919 387
407 367
688 719
728 428
356 597
912 723
485 823
415 928
133 427
835 513
94 81
859 931
10 989
743 605
24 496
943 1
961 622
684 561
27 966
688 956
28 437
377 13
231 158
491 245
936 390
684 796
867 366
649 551
597 857
871 541
567 625
70 171
182 529
952 752
37 306
689 963
121 129
653 104
586 93
864 343
257 895
828 498
526 428
372 54
192 340
430 850
159 112
490 89
842 306
610 310
690 382
710 773
270 918
659 632
440 957
612 819
695 334
157 480
346 427
54 104
861 280
460 762
738 709
119 456
651 198
229 478
238 356
755 954
718 50
629 925
280 68
768 937
676 738
560 11
634 884
974 378
523 238
119 321
621 767
656 909
803 590
789 687
424 941
688 318
971 161
679 112
55 826
518 438
649 421
27 457
715 267
303 364
863 356
226 875
759 439
373 744
337 578
657 995
617 204
56 406
420 927
613 734
540 572
511 815
226 308
292 308
504 599
565 396
507 604
661 921
645 356
792 808
5 709
411 146
395 553
969 668
752 28
662 745
24 813
5 598
562 277
400 16
476 299
663 241
921 466
66 759
434 883
308 808
940 553
807 118
639 71
687 364
748 270
996 784
633 58
342 137
763 843
7 416
546 562
909 964
732 169
628 490
719 989
940 990
137 543
599 571
805 644
675 374
81 170
883 532
137 616
527 761
766 171
309 426
681 799
760 768
579 324
379 442
15 760
703 815
775 938
834 650
161 92
308 229
881 749
733 15
230 93
893 184
488 481
52 226
643 961
95 716
406 809
426 59
579 243
928 297
88 566
623 218
494 298
372 898
88 677
948 75
218 296
169 868
649 82
669 911
229 616
195 536
15 144
703 368
302 443
618 856
307 99
468 770
900 500
795 246
99 197
250 91
487 696
539 538
745 944
835 870
568 299
93 272
369 712
762 705
982 634
257 901
945 125
50 244
529 638
725 486
343 718
850 286
11 880
414 271
163 13
718 473
96 120
538 67
524 154
879 718
728 743
538 964
647 180
426 584
889 926
879 763
732 60
179 405
127 570
112 833
831 440
863 40
485 124
445 100
881 943
627 191
85 871
225 663
544 857
548 493
141 945
950 393
755 227
277 408
431 49
930 189
803 697
272 959
708 497
886 698
12 817
592 979
650 191
420 753
961 307
376 927
981 816
764 416
178 575
490 893
674 346
750 247
103 532
994 701
44 12
330 961
887 42
605 789
646 827
937 331
386 707
938 916
209 720
855 569
60 285
687 911
503 579
51 66
319 161
631 839
728 158
531 445
435 336
224 397
593 788
5 942
905 656
88 364
932 191
71 413
258 90
278 25
282 84
486 665
145 692
575 866
419 535
118 715
802 526
784 13
54 867
127 875
370 524
921 164
339 831
707 663
616 992
139 163
766 438
219 977
257 60
760 235
941 106
615 151
709 222
736 84
440 529
426 556
892 882
372 352
599 739
730 638
345 660
976 978
233 817
116 877
427 906
559 941
466 940
180 706
235 85
661 125
295 147
902 121
336 448
134 23
102 667
640 136
306 916
242 22
663 231
219 266
994 908
209 368
86 990
329 891
401 422
830 457
318 61
302 678
252 289
324 982
364 811
904 218
663 884
393 347
203 124
458 130
222 443
23 318
246 45
912 611
770 577
454 222
437 804
773 858
279 1
27 40
755 325
175 208
583 55
179 149
52 653
291 975
750 386
593 999
745 904
339 987
984 484
634 958
307 377
532 923
679 753
810 608
648 283
446 876
608 527
625 423
843 488
790 209
538 374
957 352
45 870
230 475
858 971
951 354
822 550
948 869
577 693
410 276
598 749
220 898
426 750
153 46
7 447
15 848
953 535
353 695
742 427
379 691
16 929
846 501
614 113
618 637
894 449
310 182
292 645
820 209
333 111
116 833
907 416
929 360
877 626
396 964
181 139
693 851
764 804
46 991
975 50
401 608
989 661
338 959
775 382
707 92
873 868
694 842
440 105
276 983
744 215
337 679
178 741
808 820
327 260
844 178
846 544
743 956
348 33
166 24
397 726
178 967
948 231
899 957
784 156
761 598
857 43
878 723
660 514
350 814
222 407
60 342
409 387
5 691
777 298
247 992
433 620
969 562
742 53
678 154
994 71
761 432
779 817
701 76
739 489
550 321
830 944
391 444
393 407
469 632
420 92
386 92
800 466
893 821
770 246
865 188
571 270
535 171
659 931
676 67
326 972
898 197
607 597
520 559
154 885
177 444
250 730
931 23
751 537
555 675
538 927
279 719
908 317
324 436
487 552
471 167
510 411
391 899
599 683
637 468
528 203
716 221
132 662
389 257
802 250
397 822
16 683
792 60
464 93
906 12
564 544
893 172
569 334
199 511
826 359
275 471
39 86
423 247
6 421
640 495
401 477
649 375
225 965
695 696
627 286
440 244
591 891
561 700
781 707
543 996
821 194
659 27
843 790
313 475
479 66
394 700
783 186
113 134
313 580
795 856
545 881
123 365
335 525
697 686
347 869
773 691
579 590
948 281
818 829
729 238
343 890
100 729
142 313
630 62
813 630
465 904
357 416
191 914
602 535
246 106
861 874
202 441
793 762
900 698
405 260
942 469
480 186
19 963
923 617
27 604
46 488
429 416
324 138
989 232
21 182
23 520
836 877
888 552
949 522
584 290
721 667
388 766
379 589
990 11
436 738
628 126
426 472
505 789
694 97
404 503
77 983
974 256
668 763
595 589
145 351
642 617
696 756
207 818
703 979
650 45
946 836
838 830
693 201
198 665
21 588
473 311
423 872
601 938
906 247
12 897
830 445
134 628
449 70
105 740
696 65
630 606
151 979
243 882
139 939
467 550
783 158
516 300
728 321
990 383
341 434
511 998
467 260
105 919
786 496
914 317
312 535
889 291
943 58
138 182
482 970
46 187
781 60
969 292
170 895
465 517
400 1000
75 566
760 270
425 587
766 292
465 295
687 404
709 76
414 360
490 242
101 284
618 246
540 695
236 574
180 941
571 20
833 973
426 557
376 868
401 857
312 460
111 964
77 244
258 526
428 354
485 159
638 943
180 707
953 325
717 292
205 16
615 293
194 803
724 219
346 102
935 107
646 115
109 104
636 331
673 823
360 86
379 210
531 721
423 191
531 830
750 438
274 173
238 138
27 495
255 617
303 330
949 452
394 46
19 131
863 258
419 957
875 706
319 732
433 869
53 416
392 14
648 192
748 977
360 530
70 749
914 127
330 886
477 741
494 573
888 820
389 575
504 573
770 606
813 924
197 375
986 524
682 261
285 952
62 611
834 456
288 132
123 627
931 574
930 983
709 863
644 857
66 657
74 164
348 779
297 797
162 865
746 754
174 123
567 992
478 557
615 980
961 533
790 48
297 765
546 556
822 321
864 439
883 341
684 293
187 218
941 77
45 152
194 754
654 850
750 935
181 488
423 287
176 216
12 438
710 549
474 277
310 183
681 801
390 255
667 346
466 913
638 971
488 120
155 110
72 375
56 860
988 701
739 737
479 826
483 319
379 254
327 374
328 592
954 748
480 891
636 478
428 763
692 344
569 19
381 565
735 410
437 323
241 66
132 247
506 358
833 12
282 567
286 7
13 901
105 700
397 294
22 701
494 622
118 170
599 409
252 548
606 431
492 123
379 492
95 174
668 22
692 156
491 437
666 635
593 945
190 577
782 901
680 843
555 417
266 724
598 445
654 323
344 800
574 442
226 284
715 455
357 742
196 676
879 865
737 904
934 546
888 268
795 598
763 732
827 379
549 329
608 667
900 997
707 705
456 487
497 717
224 3
957 613
858 718
819 636
34 284
883 305
107 842
996 624
837 352
286 254
676 802
737 308
814 290
707 908
747 639
768 792
789 126
335 708
531 555
768 951
57 432
556 46
557 259
299 31
393 982
561 865
345 493
555 366
794 966
450 48
358 905
842 970
13 711
454 603
534 895
906 510
449 121
824 91
564 101
535 548
960 666
715 293
198 382
236 197
402 371
60 379
244 712
575 692
354 24
597 76
156 829
343 827
748 168
159 706
706 340
514 515
917 966
754 616
439 262
64 497
653 972
726 514
801 697
162 937
961 613
823 444
824 284
685 443
559 486
800 511
749 564
823 301
770 219
734 137
57 179
983 683
877 819
452 945
241 898
849 707
614 483
771 844
866 594
978 120
750 100
663 731
289 854
254 814
71 908
276 84
360 349
416 30
46 587
570 432
129 830
702 685
573 827
101 789
143 421
249 804
46 933
432 969
73 969
590 166
341 150
974 257
428 413
752 813
381 411
642 743
238 124
919 805
525 456
777 852
850 642
82 536
216 602
843 727
897 467
613 929
324 92
742 527
982 254
674 807
864 665
739 791
422 121
725 328
596 668
57 904
481 596
359 591
364 999
169 215
316 770
299 596
504 546
817 845
639 532
216 150
182 206
240 44
296 238
812 782
407 42
856 422
765 810
222 305
587 22
979 761
312 536
360 951
676 448
71 270
244 962
687 649
265 823
585 906
538 272
358 201
144 95
36 69
413 621
841 114
948 818
491 953
737 33
352 1
280 734
323 640
361 469
508 412
720 796
663 654
97 307
567 210
141 646
333 248
116 248
82 440
870 33
484 356
305 415
405 214
692 251
826 246
455 400
501 999
251 704
837 713
785 806
163 918
720 457
827 367
708 186
677 949
859 62
287 569
825 898
602 993
817 486
699 518
613 116
867 119
858 109
289 190
882 87
994 637
482 329
851 452
860 674
355 209
445 164
969 826
60 477
20 920
251 362
472 109
92 814
294 794
443 572
709 969
783 354
606 323
685 986
904 905
507 546
880 56
771 443
368 236
957 412
210 515
273 319
348 661
352 336
465 983
581 417
598 513
293 140
969 455
398 721
404 534
921 356
854 596
80 990
27 761
783 806
932 44
684 573
940 727
98 686
707 740
616 847
746 770
587 460
858 888
548 28
815 11
239 451
885 381
228 592
709 47
529 406
257 30
810 930
440 304
907 196
429 376
927 9
803 55
487 518
769 251
847 703
107 824
333 156
225 499
323 922
106 278
219 221
185 861
777 545
428 327
485 178
824 516
789 858
863 941
424 882
208 217
9 280
707 177
263 407
953 209
972 795
789 827
739 736
559 22
946 954
216 611
74 833
534 993
630 842
498 225
617 365
104 184
802 297
753 285
661 482
310 752
852 679
998 685
462 527
968 656
952 117
939 273
462 862
859 454
753 127
901 213
101 650
212 292
599 408
303 79
808 483
159 725
826 884
244 757
355 308
960 165
616 495
100 704
139 720
697 626
791 968
848 514
761 295
229 886
839 661
49 675
122 491
729 257
534 62
754 724
168 15
478 492
947 417
597 890
523 382
303 643
880 770
681 311
165 750
594 528
576 11
575 855
704 69
434 705
970 799
511 509
757 501
978 258
872 769
923 399
474 549
970 878
275 940
667 898
651 313
966 754
23 842
756 34
922 380
392 735
998 35
596 23
127 515
301 36
560 204
941 449
907 113
33 615
436 250
968 97
197 593
626 581
94 951
96 300
133 761
25 992
484 131
841 582
825 841
241 434
350 748
721 1000
751 60
723 80
627 450
591 551
514 742
376 746
565 952
472 809
826 468
994 946
206 626
502 709
821 95
180 73
237 104
365 51
536 801
684 162
574 825
561 690
70 515
285 786
324 808
50 391
41 278
994 660
557 710
688 571
946 531
583 842
975 451
568 97
68 320
221 517
220 46
938 959
464 554
377 383
861 725
830 880
743 529
155 40
568 447
58 789
402 387
188 400
246 154
870 176
753 726
27 899
254 176
364 320
330 240
885 98
297 393
321 531
822 637
571 447
992 872
666 409
968 207
443 32
124 875
196 296
474 918
862 765
28 781
875 882
328 207
538 78
832 687
194 648
398 142
785 543
555 641
201 607
103 425
91 417
992 404
556 237
560 232
308 757
659 524
271 722
872 313
762 847
708 71
882 334
43 224
356 572
357 256
450 226
323 368
90 141
751 80
441 989
481 792
890 692
553 956
275 98
578 281
464 345
90 431
40 664
68 372
556 704
740 37
298 208
281 934
159 973
517 59
757 678
648 806
77 628
320 471
69 491
614 960
460 467
562 615
874 789
947 995
805 449
53 620
75 236
5 649
505 191
573 925
806 82
268 508
144 178
752 39
736 700
678 307
771 495
740 968
779 968
407 779
255 415
553 171
476 238
547 951
261 918
554 834
965 958
692 538
366 709
796 584
395 161
771 794
975 26
755 644
442 517
918 846
296 585
297 784
7 485
85 901
819 951
401 974
718 875
871 891
345 665
381 235
241 536
276 172
596 971
189 792
732 434
932 604
93 584
647 443
775 134
464 136
797 330
101 77
855 436
971 603
536 460
902 15
447 166
855 37
747 868
696 658
403 68
650 207
838 792
806 506
700 857
230 346
981 864
181 105
929 909
368 544
817 848
801 331
843 976
91 535
632 817
562 952
704 36
670 567
393 425
505 794
326 377
327 208
596 242
98 248
705 896
340 76
653 672
188 489
482 138
170 199
435 569
179 150
308 562
19 577
666 652
579 665
173 186
400 40
913 808
774 926
317 521
588 276
351 355
891 520
254 344
840 585
704 21
188 190
260 723
213 713
505 294
838 160
40 381
813 350
603 950
819 757
324 189
344 531
606 815
921 133
116 63
585 16
509 88
803 972
222 679
188 627
617 647
182 81
964 535
775 964
279 434
340 805
881 923
243 210
975 653
688 69
559 834
17 875
369 344
594 403
498 60
285 122
512 418
220 593
560 414
418 460
5 252
356 128
267 689
142 831
164 851
317 299
467 642
178 627
89 180
696 908
534 97
938 73
545 249
178 962
223 86
243 812
355 166
564 50
235 652
127 394
296 280
99 173
209 797
672 83
965 562
924 255
804 624
382 604
718 922
159 931
904 934
335 334
942 738
999 983
718 773
22 780
574 297
80 669
856 14
965 852
289 432
357 740
399 533
912 255
452 712
642 264
171 864
5 884
931 826
884 890
922 91
109 170
710 970
650 609
335 819
784 231
559 519
145 915
646 765
850 88
957 980
323 1000
966 514
232 377
167 683
713 289
966 925
3 811
116 928
579 328
483 639
896 126
237 948
419 571
994 849
955 477
354 752
820 404
816 901
118 253
640 115
34 990
333 27
372 744
764 186
46 873
589 1
517 804
668 432
379 13
695 693
882 924
721 282
453 542
347 600
27 326
778 690
599 462
821 880
127 473
146 72
368 504
1 882
209 744
454 138
368 87
513 63
38 292
278 279
260 998
444 11
134 971
304 702
262 962
252 808
553 61
379 390
114 777
211 225
912 332
125 246
474 885
843 292
93 157
3 173
228 86
257 778
221 121
774 753
358 686
796 613
52 461
304 363
412 894
658 514
37 583
700 137
315 109
742 276
796 660
727 672
619 475
33 924
804 191
348 19
158 171
822 271
736 76
2 768
785 963
763 470
279 748
708 418
695 164
606 513
609 291
774 317
635 620
816 67
559 917
546 308
305 450
551 549
618 370
817 367
986 302
270 543
43 227
800 550
48 315
482 817
643 912
555 332
424 986
351 289
60 28
947 550
752 702
623 149
882 49
390 135
858 6
364 707
372 994
549 536
81 484
316 941
632 790
857 247
515 537
844 475
938 912
978 869
632 901
62 360
744 863
244 976
361 893
982 329
731 587
218 554
718 931
847 581
540 19
703 481
545 899
330 51
147 603
367 911
925 984
343 795
986 678
74 60
296 14
683 650
45 865
433 139
130 109
6 728
867 454
596 8
814 195
327 310
603 155
6 308
351 718
779 681
766 299
472 945
415 45
309 554
805 917
366 693
862 734
520 900
888 437
851 43
799 343
802 637
106 30
549 400
879 633
438 113
689 21
211 313
487 540
864 29
628 46
843 775
226 736
107 521
237 602
402 561
833 883
883 542
267 857
570 82
320 985
825 896
939 813
318 455
126 921
998 421
626 876
384 761
351 261
206 568
564 394
855 149
413 354
977 716
373 622
459 125
759 430
118 466
320 389
553 636
655 19
934 494
557 781
248 871
815 302
381 993
899 978
939 469
902 731
796 122
111 805
361 857
368 159
614 892
355 363
545 943
838 372
899 240
826 944
773 727
852 176
965 895
503 720
53 865
735 773
169 380
562 911
652 383
763 580
598 49
330 265
847 492
261 905
652 206
927 324
32 659
651 398
541 153
489 249
989 188
369 796
991 978
6 998
372 162
432 87
568 803
988 116
186 170
538 903
685 52
840 163
814 850
257 397
333 154
758 645
906 818
836 55
710 536
328 998
426 415
851 402
46 624
603 373
822 17
128 13
556 69
243 322
65 614
212 347
177 592
813 143
81 508
209 199
254 891
564 511
972 336
756 563
613 918
122 595
613 508
433 932
885 583
860 529
19 51
864 724
691 899
457 546
948 124
843 878
735 276
807 907
792 480
960 514
517 354
138 574
639 712
138 641
821 908
182 906
38 430
204 898
691 432
766 852
485 935
587 67
807 638
187 593
792 813
317 238
763 258
156 684
329 288
458 12
260 914
979 346
522 671
833 817
903 541
491 869
684 908
236 397
121 160
339 217
328 326
26 274
202 355
611 517
197 320
84 643
379 885
694 460
1 337
55 2
148 416
81 899
689 204
29 611
582 273
729 707
862 545
760 39
483 640
923 687
237 657
2 684
920 343
632 97
829 155
980 667
105 39
603 288
452 284
38 733
882 379
409 583
105 176
812 451
428 436
734 884
54 282
519 196
208 86
261 212
998 621
859 233
424 910
167 238
794 884
962 146
526 531
108 582
513 644
184 14
203 218
460 852
682 985
886 637
762 583
462 777
372 662
74 581
222 341
919 593
1000 383
599 457
801 370
424 315
23 269
5 258
652 707
673 312
207 869
53 534
809 936
41 54
423 644
50 316
855 641
344 225
273 219
994 103
304 703
891 725
40 137
497 67
939 827
581 470
895 138
914 503
643 207
383 486
131 995
995 736
836 548
966 419
329 62
165 640
546 881
605 146
240 406
257 186
166 810
650 947
445 798
774 528
6 942
872 910
745 384
551 710
115 184
215 237
56 586
186 469
719 813
704 538
745 162
858 451
140 518
57 352
55 693
224 767
617 120
983 89
694 20
896 91
312 274
848 324
497 810
702 254
924 617
172 774
56 791
886 703
337 850
636 402
506 699
488 450
215 785
652 105
533 380
937 515
385 740
460 152
947 598
105 607
252 282
697 387
346 851
935 137
30 571
478 43
252 649
56 484
627 623
41 368
39 293
920 525
248 844
687 894
84 289
602 290
108 479
624 469
23 390
338 596
857 912
985 203
354 203
682 301
481 420
579 703
486 695
97 733
696 385
143 910
895 295
780 133
779 970
852 12
364 923
362 368
804 367
849 770
226 451
66 39
378 518
609 130
704 186
957 712
460 992
525 388
607 536
282 371
490 996
487 654
328 237
594 248
79 320
390 501
68 215
533 875
571 40
132 820
119 676
138 485
469 176
551 635
988 951
437 183
510 471
573 747
727 282
666 338
287 661
471 472
591 507
632 264
655 606
162 193
793 417
81 407
353 479
280 41
402 867
789 661
977 645
117 854
579 33
281 870
29 231
181 965
504 605
133 98
768 271
203 226
274 372
137 240
605 963
894 836
812 975
562 950
84 470
138 746
549 652
127 400
373 816
265 741
335 535
140 326
36 823
38 365
848 537
65 257
249 92
961 137
88 222
550 264
386 117
459 521
577 366
871 324
191 788
213 618
465 613
849 767
816 448
745 574
31 163
220 120
240 614
171 548
694 400
488 825
667 552
689 48
836 161
603 598
774 363
152 230
297 899
656 342
347 5
132 703
812 73
579 366
742 142
45 438
319 171
432 773
272 734
58 637
811 771
831 332
686 577
393 958
86 797
233 831
306 949
401 603
799 500
792 84
531 504
371 681
778 43
962 284
467 934
244 984
39 62
591 765
886 743
850 585
707 464
265 69
142 726
694 766
18 375
824 425
275 156
369 9
596 824
333 686
621 283
570 939
610 620
909 298
902 922
63 362
765 540
363 452
159 903
623 418
639 423
173 699
605 856
91 738
19 385
368 45
22 544
244 752
947 360
249 286
965 560
14 388
696 347
630 164
706 332
781 158
32 867
930 900
572 357
512 6
227 704
342 755
808 147
39 817
481 848
213 526
123 224
735 649
131 791
577 763
481 206
839 607
680 252
455 854
890 227
153 156
338 96
563 681
641 759
419 225
976 738
561 440
64 752
928 901
954 576
975 387
768 766
533 818
491 531
771 997
205 353
223 325
410 535
983 854
77 295
488 382
392 593
101 161
858 492
968 100
362 671
898 403
718 16
556 155
538 698
85 669
485 211
307 655
3 616
181 234
826 241
829 814
965 58
355 699
228 139
873 186
142 993
737 770
747 657
180 310
471 369
241 256
259 929
281 685
191 150
673 243
198 694
777 141
300 242
752 739
916 704
60 674
756 903
318 254
817 781
213 396
150 350
587 691
679 227
720 840
332 270
762 695
811 675
587 344
492 196
113 185
187 926
593 759
903 956
856 765
503 452
252 580
751 610
419 132
848 963
80 605
647 871
601 13
433 387
52 723
805 443
771 359
260 992
869 804
50 396
595 31
434 47
930 936
770 949
643 161
917 962
884 523
241 801
334 620
979 377
373 10
402 145
1000 828
196 629
101 490
222 278
453 98
291 795
827 957
168 238
524 891
193 557
487 391
163 469
495 904
758 774
923 511
176 856
804 42
112 25
873 292
560 574
559 704
931 937
606 741
898 162
98 964
671 939
174 401
470 568
491 767
846 391
525 686
11 84
90 967
384 66
457 524
957 871
410 666
180 756
200 234
649 428
68 801
111 141
612 678
519 154
958 910
121 985
730 809
90 972
125 801
626 838
366 53
977 240
835 238
229 835
712 355
364 686
617 13
788 184
147 48
920 880
975 778
307 822
19 106
937 403
646 325
522 895
389 804
473 83
721 405
886 969
541 162
411 901
378 208
57 64
477 668
114 758
853 97
902 470
839 82
717 562
222 80
739 70
957 3
795 168
394 946
58 244
787 956
807 513
114 898
322 653
434 979
218 842
607 212
97 139
145 285
121 238
819 365
35 314
36 65
257 788
900 554
689 763
692 660
550 606
19 994
252 788
352 5
723 118
870 251
766 440
896 508
328 238
220 4
764 713
581 13
728 591
181 415
229 385
615 226
484 352
712 963
850 945
963 210
410 766
110 265
203 601
955 406
704 662
281 587
66 592
489 744
367 779
638 890
946 914
802 430
307 628
289 25
63 403
692 321
983 322
622 134
109 465
95 770
756 584
61 686
647 747
389 451
268 968
394 543
773 295
735 306
57 831
648 886
113 240
958 486
856 360
263 896
126 846
899 980
520 415
299 948
106 666
985 181
969 536
571 828
574 161
174 819
682 270
576 773
151 65
965 893
359 418
425 541
83 484
469 735
951 303
183 833
404 530
836 637
49 357
737 976
295 664
496 610
978 282
483 904
335 171
451 422
289 583
931 912
516 574
153 48
124 541
949 732
552 362
663 686
460 996
11 15
968 506
401 943
20 823
800 799
604 53
314 327
560 179
744 400
617 934
11 237
107 900
149 873
755 48
367 190
295 173
480 530
745 10
747 692
938 387
206 747
372 663
502 578
751 917
953 70
423 862
981 656
268 797
345 182
329 793
989 945
648 899
100 136
786 881
821 205
554 469
536 888
96 831
268 579
326 563
933 895
147 838
441 613
553 292
682 448
482 58
624 895
113 510
131 235
903 889
47 455
870 188
141 62
329 294
3 37
10 843
317 861
410 33
909 57
374 641
156 588
982 960
715 711
588 591
5 881
91 593
666 48
776 720
686 55
923 387
37 693
154 918
864 505
277 2
691 784
941 27
945 88
766 496
36 393
935 637
372 311
234 304
716 876
484 350
276 445
663 547
542 816
543 25
103 534
675 145
803 420
996 527
110 342
992 379
205 66
389 267
651 104
379 435
713 439
108 500
665 308
438 473
711 713
659 466
18 438
492 513
256 335
523 259
191 145
968 978
753 428
80 18
759 370
975 817
9 26
85 367
893 392
948 612
513 666
553 981
19 81
717 858
898 980
541 44
264 936
963 742
930 485
414 658
553 614
777 110
91 494
709 875
817 925
551 420
632 876
373 838
892 422
605 699
700 721
313 703
243 954
100 529
619 515
585 695
148 914
717 670
648 507
470 813
877 472
991 336
773 557
943 157
585 913
567 513
655 520
239 688
270 759
305 430
250 439
912 222
197 108
1 401
109 656
365 806
775 581
207 7
819 115
888 412
120 6
248 59
671 773
313 9
714 312
788 551
241 790
21 176
352 94
188 101
588 652
399 631
422 956
414 16
914 968
681 979
333 160
975 721
559 918
102 871
431 823
656 671
323 160
544 848
307 551
506 999
547 839
288 563
275 392
205 247
498 67
116 566
815 770
872 332
356 101
104 982
983 456
820 933
682 949
702 432
191 181
526 677
683 37
902 833
284 720
834 907
262 672
781 656
982 243
621 337
476 896
994 709
425 326
416 344
587 350
769 909
166 95
100 983
999 677
800 997
484 630
477 667
925 691
13 857
217 198
400 290
208 527
818 840
526 41
31 629
730 396
92 613
662 569
274 662
94 47
921 625
100 644
965 664
253 662
588 689
883 771
577 384
701 213
728 20
515 982
948 933
81 263
44 550
328 305
326 876
3 283
761 61
291 20
790 985
641 7
984 587
576 277
975 407
889 978
928 974
569 972
248 902
547 5
551 629
418 83
627 243
439 971
543 465
780 901
782 365
38 454
185 324
894 654
841 514
424 524
905 2
489 632
458 713
132 394
472 642
707 502
323 153
454 533
56 164
94 572
39 485
920 845
355 976
431 271
24 860
475 603
407 502
187 872
924 51
230 782
359 622
565 271
108 430
75 405
773 818
667 339
635 455
620 273
378 100
435 151
737 555
701 176
814 401
49 553
662 709
478 888
26 363
338 833
585 984
770 890
827 631
848 682
861 172
149 720
371 416
780 406
526 576
748 290
487 462
71 527
314 768
957 746
390 693
762 386
585 139
469 816
533 939
527 72
771 890
11 945
304 133
35 774
489 143
771 907
223 986
993 815
188 527
724 937
121 596
290 219
521 845
934 122
135 417
51 922
747 393
613 288
405 875
725 870
135 310
263 381
910 968
327 590
589 311
573 894
940 167
523 137
409 537
176 316
217 672
732 257
642 569
661 267
244 765
431 717
384 728
4 657
901 429
406 773
990 583
907 123
759 286
778 267
372 950
416 88
368 321
846 602
763 72
900 137
848 842
460 384
320 275
986 968
695 992
294 827
394 997
382 576
679 428
293 241
244 609
464 865
383 126
496 338
173 492
466 374
909 56
770 862
143 960
292 14
118 872
174 46
527 622
236 675
93 38
477 135
207 34
961 602
107 406
115 899
296 743
153 98
889 168
266 899
241 873
385 55
573 478
315 434
82 91
559 671
435 845
516 674
253 115
399 387
680 427
789 23
205 496
782 856
137 656
724 572
104 733
966 213
929 412
766 211
226 753
988 889
247 358
142 443
215 40
200 351
916 125
95 534
756 380
688 244
166 411
925 249
954 795
721 124
133 902
725 604
229 813
640 486
399 71
203 846
114 415
183 816
445 773
281 860
274 620
837 831
660 856
402 56
939 227
941 785
70 525
773 104
598 23
69 715
86 251
726 496
477 694
924 123
325 576
657 848
969 582
237 278
406 365
83 720
249 312
531 312
970 376
740 578
781 128
438 557
792 955
408 752
101 813
407 994
157 971
340 455
476 263
391 377
443 950
925 360
763 513
606 949
550 673
221 117
230 493
417 576
895 405
309 978
168 270
297 686
139 191
656 99
55 99
645 917
826 400
999 264
699 52
751 25
8 833
978 5
215 238
586 974
978 289
456 231
419 509
721 813
196 233
545 120
949 166
276 176
354 656
725 911
155 647
712 278
731 18
54 485
368 604
586 832
636 84
43 116
30 370
471 534
886 557
669 73
119 182
340 624
143 422
114 274
133 156
734 569
302 765
543 961
360 942
346 705
98 512
593 320
869 531
666 915
408 959
552 384
670 623
371 223
702 64
199 941
420 814
298 398
523 891
47 9
486 731
36 798
496 267
795 91
265 936
900 758
499 525
173 308
31 938
89 733
165 720
59 309
791 124
552 82
865 253
115 970
867 603
596 123
984 733
107 350
202 678
538 60
581 122
564 34
768 521
586 768
276 272
810 968
336 523
361 67
10 324
215 296
784 291
245 555
91 275
382 310
737 261
612 919
613 442
741 757
903 42
483 733
701 732
67 282
964 20
894 429
205 440
977 423
462 648
559 794
353 457
690 919
953 191
937 834
940 339
427 160
47 651
826 782
603 11
56 822
94 658
55 952
657 732
233 610
821 97
860 521
312 15
534 846
114 423
740 119
333 647
361 236
707 390
599 172
402 339
144 696
366 305
711 327
640 716
470 339
798 525
801 319
730 335
363 362
511 818
41 482
459 863
832 403
351 197
196 794
624 853
342 520
736 895
308 648
662 619
403 628
761 412
987 942
108 77
308 575
420 209
792 836
369 634
635 292
253 697
353 3
465 969
796 907
430 121
290 576
145 767
771 95
52 668
499 662
460 944
484 639
374 554
547 484
361 665
207 341
819 760
489 283
326 225
148 392
417 86
558 87
763 791
110 197
801 744
427 704
729 788
968 508
633 496
926 437
302 220
270 697
72 384
954 34
367 75
464 218
617 932
506 941
142 631
732 403
471 505
493 353
331 601
280 252
635 600
769 311
780 569
691 162
507 461
987 71
917 513
595 522
337 782
545 289
72 562
471 735
842 977
697 143
812 371
53 235
506 603
401 27
960 919
227 184
194 83
506 353
518 111
824 444
222 381
521 234
648 303
47 882
484 696
921 429
308 334
644 224
315 992
61 914
912 143
820 417
288 242
161 612
753 962
327 179
735 474
65 448
909 341
658 87
456 963
476 542
882 569
520 12
95 292
353 333
323 301
778 844
217 430
808 263
296 59
194 204
692 953
269 984
731 853
625 490
631 692
690 166
984 375
767 84
478 609
135 960
597 757
374 566
840 406
88 475
895 496
733 501
554 380
137 804
500 72
637 537
379 777
34 420
362 105
956 459
128 557
951 64
386 408
283 768
766 65
788 355
901 52
172 248
673 549
103 528
452 280
988 890
834 528
889 148
929 268
899 271
52 469
799 259
674 56
790 947
684 129
189 573
579 109
551 243
684 740
313 257
570 987
125 710
204 109
441 677
78 690
134 384
906 505
319 652
765 588
514 982
677 570
790 779
645 28
494 418
556 617
904 154
958 45
563 279
800 987
536 965
421 77
134 674
669 937
421 250
255 352
585 693
92 899
412 438
936 297
844 658
238 641
645 335
485 728
406 477
374 449
641 788
827 577
188 700
37 352
810 544
675 421
814 168
247 659
879 898
595 315
44 467
214 999
72 796
852 313
766 387
107 258
223 809
823 200
71 871
2 874
410 455
853 849
55 403
873 488
86 527
291 297
438 392
849 375
479 564
382 719
784 486
660 313
721 957
519 6
8 928
979 517
154 985
271 841
719 591
759 562
744 377
686 636
357 266
394 260
31 747
146 741
693 628
190 234
545 489
543 674
857 431
398 503
56 138
898 775
60 722
815 610
707 429
857 472
655 149
765 140
716 421
292 261
312 995
373 518
501 497
807 678
17 370
421 487
972 142
829 755
834 171
598 48
375 329
325 564
342 882
736 997
402 319
227 430
28 133
417 247
817 312
75 883
39 916
207 342
510 514
389 741
972 473
307 356
182 656
341 522
278 167
317 899
658 833
79 953
556 99
171 943
617 627
600 383
512 993
954 687
182 301
510 110
537 338
650 595
510 610
906 569
210 90
304 155
513 457
586 769
568 780
770 472
258 740
577 962
675 77
202 921
573 630
814 282
267 207
328 975
717 331
864 129
45 334
414 157
509 769
629 560
155 799
198 817
124 440
507 288
859 105
254 559
149 449
816 834
891 390
977 67
345 302
789 657
702 338
207 976
907 746
782 458
334 679
66 354
27 487
912 815
753 251
915 84
517 136
702 140
939 298
796 337
544 314
601 831
854 91
527 35
707 77
52 961
224 363
415 511
890 295
193 61
303 176
769 792
754 374
368 5
477 765
26 599
498 696
86 403
948 298
610 793
991 500
743 599
504 948
840 782
487 149
74 458
64 44
948 584
17 154
581 332
847 378
403 853
689 616
447 840
675 557
605 308
879 853
681 476
799 372
69 87
83 106
418 689
145 655
610 349
442 315
116 406
444 413
887 875
432 509
489 252
608 870
382 113
366 602
607 632
594 841
913 531
608 981
917 443
3 535
520 651
690 711
975 68
571 72
229 452
581 895
711 960
286 21
132 699
465 182
873 49
806 687
189 679
975 568
246 952
375 860
641 664
767 698
477 375
733 630
648 680
719 519
375 205
803 632
151 732
868 82
682 202
923 611
87 405
473 494
665 1000
690 426
561 655
433 808
144 677
753 231
810 102
460 307
526 858
48 949
838 536
105 676
70 694
455 488
576 727
886 820
522 645
653 621
375 305
273 97
766 857
222 47
744 555
653 847
800 269
221 333
594 745
633 885
409 323
785 232
435 403
662 854
735 868
406 16
745 764
980 125
253 973
436 258
239 526
58 406
514 857
934 693
687 487
690 393
736 311
997 688
998 75
551 729
590 769
188 557
479 673
746 3
197 969
137 662
708 475
306 744
977 494
962 602
634 815
873 45
949 832
935 301
773 402
65 581
561 888
447 151
323 157
678 529
971 537
973 203
646 51
286 635
336 16
708 776
489 566
915 174
994 589
702 362
6 301
86 412
907 562
346 888
132 211
407 459
246 721
742 746
411 780
782 301
839 324
380 431
437 184
39 316
868 340
964 711
52 953
90 103
404 55
578 65
874 824
714 897
911 873
256 829
847 623
776 36
65 419
504 637
213 859
790 453
307 491
701 246
407 911
303 846
434 43
930 932
695 704
625 118
95 424
649 532
411 505
451 692
219 688
754 755
461 595
540 346
745 728
139 467
946 33
902 392
415 422
808 2
850 389
297 515
10 588
526 124
802 736
380 979
619 436
22 511
229 108
617 551
598 802
250 660
659 966
685 883
171 608
813 49
104 541
233 191
162 357
200 48
426 574
119 735
870 61
176 9
766 98
741 288
472 660
819 894
968 132
769 85
275 284
578 991
621 923
712 137
418 326
312 279
460 778
828 871
670 6
963 24
102 580
463 101
752 805
367 793
522 25
320 657
483 383
66 397
854 338
678 652
271 110
754 30
807 104
773 168
77 779
647 643
265 385
379 47
849 823
623 256
221 832
613 826
770 819
166 82
706 127
339 634
511 169
428 985
553 720
389 962
502 117
468 973
530 192
256 793
431 759
758 442
189 117
729 160
503 597
314 656
113 443
421 322
350 440
460 680
429 823
201 116
774 949
681 290
272 13
532 987
828 114
353 86
952 471
28 594
71 561
309 899
534 196
477 205
65 909
672 605
913 566
788 710
405 755
595 52
572 23
941 96
747 273
237 707
680 470
129 112
152 143
137 605
836 217
985 769
512 789
950 65
76 598
93 720
711 463
24 457
233 532
745 573
790 435
849 227
599 987
447 94
237 886
186 724
523 255
172 999
72 849
823 512
882 252
125 569
920 801
527 268
534 844
973 356
167 173
852 651
359 901
463 296
739 827
373 537
119 5
636 145
428 814
359 538
458 313
991 209
960 683
930 667
517 425
100 581
230 924
752 156
883 962
135 683
616 507
377 425
362 447
307 466
398 959
85 70
939 337
571 542
358 492
993 352
754 282
260 587
11 583
14 638
842 71
19 804
352 455
80 982
729 463
456 357
898 68
315 58
444 414
14 39
220 117
112 598
665 224
22 423
326 617
662 247
921 63
137 1000
210 206
158 950
732 79
381 23
145 825
115 119
423 278
637 454
177 360
395 305
551 538
662 465
208 628
924 648
765 98
306 991
181 145
733 964
590 119
848 370
246 953
941 759
154 731
655 953
837 550
363 895
807 210
286 511
774 25
843 678
651 814
211 791
203 935
242 131
650 234
815 692
262 732
838 895
30 328
124 163
113 950
898 972
99 199
8 294
942 809
549 585
659 9
688 535
85 169
554 96
57 968
955 995
136 473
355 175
304 939
564 57
244 742
970 496
330 915
443 592
248 760
729 111
801 586
496 454
559 229
941 362
269 69
869 797
222 191
683 699
173 489
236 271
936 109
809 225
32 854
574 419
474 779
491 859
351 767
71 335
218 641
235 350
735 517
408 292
410 382
470 678
399 750
571 137
206 156
87 745
85 981
598 886
603 536
23 40
73 991
327 888
718 379
741 698
580 376
12 508
324 446
125 861
385 214
418 319
436 647
662 509
603 484
343 975
370 974
141 898
219 430
807 353
204 314
464 87
781 902
911 263
34 985
74 794
424 997
912 330
225 866
778 456
679 669
16 415
105 468
12 768
418 543
467 822
345 150
109 405
361 529
384 598
95 838
905 84
617 450
726 236
237 497
75 410
956 609
743 811
343 220
178 993
584 612
490 927
57 996
126 650
1 809
199 970
866 954
106 734
925 792
752 164
113 414
406 217
348 790
463 230
190 154
729 244
533 647
383 31
780 379
710 252
560 674
148 765
404 615
611 841
278 8
26 209
522 673
47 530
477 232
315 245
619 67
340 672
822 740
552 8
757 465
154 812
743 34
709 400
288 954
241 778
576 269
323 535
475 233
43 429
399 328
663 822
710 715
141 708
660 340
92 150
111 938
257 463
591 380
121 642
395 377
99 995
928 755
640 322
381 289
879 38
972 708
683 379
963 27
690 833
768 27
589 77
826 257
846 836
685 570
579 75
265 55
75 689
470 104
753 332
274 191
792 256
722 577
25 663
134 467
265 384
543 573
468 633
855 895
802 361
640 372
954 540
919 514
955 845
616 83
981 965
782 270
713 915
237 469
545 219
874 906
835 384
605 874
773 981
204 881
977 695
248 705
304 883
446 690
692 174
566 627
644 73
682 388
354 53
924 457
952 195
74 468
297 307
209 587
198 125
992 558
774 938
101 846
597 841
250 356
344 993
607 352
847 273
960 187
120 840
391 271
598 621
184 825
335 210
466 95
36 221
735 605
774 615
874 243
231 818
586 783
591 50
593 749
850 136
944 461
392 671
229 430
716 944
742 228
29 839
964 166
158 117
298 888
855 76
677 956
312 308
935 500
703 872
589 113
972 895
702 336
760 545
82 394
873 774
34 880
364 655
290 742
411 838
564 256
765 641
183 571
475 607
958 310
333 533
427 464
502 948
175 159
948 22
566 589
15 249
21 840
450 642
308 740
278 500
890 148
924 479
662 622
934 195
113 469
331 282
630 338
832 261
784 664
213 786
348 767
574 309
335 483
579 641
895 251
18 755
476 347
960 104
391 482
799 513
623 953
202 487
942 27
248 392
361 670
69 85
477 907
928 762
710 998
54 858
57 591
737 68
295 612
407 634
196 511
162 315
827 55
158 951
984 986
453 877
435 994
202 955
955 235
944 120
621 832
802 890
125 17
987 186
254 879
894 351
399 329
741 456
523 141
252 11
366 7
313 121
212 146
273 539
73 793
35 544
462 901
212 984
656 776
307 964
329 796
995 540
997 385
854 10
781 36
144 679
34 519
610 614
831 194
282 573
546 756
221 568
57 975
792 534
811 338
298 291
728 404
268 719
308 760
950 827
717 612
796 85
355 319
374 73
892 526
765 888
941 601
363 216
734 505
683 557
559 246
464 869
528 618
433 490
658 229
195 331
205 838
760 567
188 116
121 79
321 669
286 665
520 877
940 854
926 841
586 18
678 450
148 585
98 728
842 203
906 620
11 832
54 806
225 308
339 316
796 633
242 657
29 749
999 369
158 915
451 167
303 433
491 678
232 278
33 347
452 283
328 777
920 205
850 882
355 592
172 138
450 356
87 121
237 940
683 286
208 190
48 279
363 858
768 48
368 564
868 993
998 612
690 813
493 100
898 830
367 959
544 646
32 362
185 373
161 330
238 840
497 498
907 901
506 384
217 979
26 747
982 855
86 255
736 988
952 137
483 120
844 431
630 634
778 525
526 167
596 382
408 982
540 7
635 387
367 325
931 118
496 483
215 529
633 678
356 407
822 808
905 608
822 987
128 755
291 769
58 721
756 875
211 86
767 117
611 985
407 732
176 862
672 563
983 701
840 437
72 799
749 955
996 824
687 389
232 709
35 98
849 586
818 185
4 435
345 795
966 727
879 722
922 345
450 422
512 725
346 375
845 879
985 852
984 769
91 41
457 647
49 680
775 149
337 937
923 942
655 579
310 996
594 339
831 130
65 505
261 49
378 393
787 409
720 148
646 172
26 813
428 693
324 998
449 903
83 805
467 578
69 794
509 703
358 263
569 194
843 815
346 717
95 970
728 477
762 929
838 614
472 155
991 502
165 152
900 77
805 392
856 257
667 452
360 688
970 265
254 805
862 251
919 452
812 768
946 270
985 204
269 59
930 855
398 929
575 547
49 657
467 254
340 112
537 900
352 334
990 81
675 562
88 376
960 188
124 785
897 653
496 636
851 66
600 322
60 789
41 608
760 136
845 561
332 708
600 608
853 882
432 50
287 892
309 724
449 612
885 619
341 739
768 811
124 456
686 445
10 162
945 837
760 836
580 87
599 981
508 527
726 757
767 643
431 625
898 708
1 45
29 104
423 176
601 610
843 915
472 938
939 158
802 384
706 191
375 8
394 537
427 147
364 799
384 543
739 829
833 288
892 261
35 930
772 453
900 146
355 181
563 504
838 578
393 978
570 752
113 379
248 734
32 239
674 658
783 996
622 708
37 114
165 13
903 787
395 568
949 101
937 77
900 327
169 475
959 740
433 350
179 782
507 685
553 210
754 678
879 854
400 944
477 190
449 488
447 986
438 779
468 422
909 834
362 113
862 674
611 638
132 302
82 112
928 288
16 782
168 601
922 366
10 356
106 397
90 534
36 464
6 248
730 550
547 36
401 818
682 709
554 294
704 601
264 630
102 800
103 633
327 581
73 574
521 594
557 276
685 358
951 211
108 948
667 999
104 19
45 967
621 754
342 509
186 601
171 135
583 570
565 987
660 833
133 132
564 364
539 688
338 979
100 182
587 690
739 857
66 169
743 769
728 486
125 694
284 144
347 740
350 197
812 938
706 421
100 916
971 11
995 897
868 401
819 239
568 429
566 840
457 274
204 521
596 507
724 867
785 92
280 602
259 181
278 243
27 945
102 471
179 874
54 618
473 585
112 263
41 781
408 520
763 632
452 817
572 66
685 477
28 652
286 440
583 450
822 542
456 105
131 685
775 748
301 101
49 20
131 570
944 263
798 610
90 635
366 996
591 245
371 78
710 640
103 447
729 884
880 760
510 391
518 648
975 763
308 746
253 511
590 38
572 629
738 877
209 121
913 239
752 941
569 745
276 422
938 478
738 988
626 736
972 817
739 518
246 522
211 821
769 665
756 543
61 639
298 83
946 807
416 10
180 83
775 27
13 875
185 833
635 823
910 485
290 926
291 537
448 266
13 990
342 874
678 976
100 650
352 982
459 906
758 290
899 854
249 338
635 419
645 314
994 396
813 840
151 161
360 740
839 244
416 694
830 969
526 454
784 737
567 750
490 718
737 711
504 964
886 416
737 816
279 291
288 734
382 210
944 709
491 982
404 148
865 69
120 623
638 370
635 272
497 742
440 122
345 794
239 370
172 73
101 381
671 33
538 886
850 964
318 758
446 954
724 716
357 421
345 421
497 802
974 268
82 636
925 216
410 903
530 744
603 34
252 76
110 86
57 74
95 646
152 370
69 999
711 568
687 214
198 661
255 972
1000 421
618 636
569 80
471 624
440 156
973 462
228 283
765 620
913 419
416 901
863 419
591 976
66 221
930 626
950 881
475 678
782 46
877 148
240 39
690 76
776 195
856 433
911 767
478 368
744 614
640 801
240 773
259 141
266 659
280 627
456 298
559 397
948 743
143 775
978 670
870 912
68 426
675 642
130 21
248 238
637 620
196 374
983 651
698 976
145 560
825 126
75 691
315 384
795 335
253 212
235 425
606 712
371 153
449 807
766 50
966 560
128 796
794 536
719 920
78 16
723 349
262 171
175 869
664 877
917 133
647 28
704 638
523 18
176 135
530 810
175 955
94 885
935 353
662 443
132 594
115 442
445 757
220 804
566 7
890 203
350 658
778 63
561 901
411 570
747 862
491 951
834 886
928 511
45 57
915 235
240 391
973 353
410 342
617 271
678 830
759 417
172 663
928 221
178 980
821 222
678 905
865 886
89 781
764 328
913 280
166 204
531 217
373 824
672 65
654 81
37 113
921 678
792 730
944 833
361 977
141 19
239 784
38 357
848 529
481 472
66 626
108 217
914 420
383 465
187 298
294 578
64 95
468 305
89 572
953 983
273 453
311 133
650 785
444 298
717 915
304 349
4 13
987 752
325 505
790 93
334 329
581 200
999 105
552 450
127 818
366 606
976 766
650 627
888 474
780 242
984 557
487 682
269 627
932 309
220 487
85 947
171 314
427 852
729 904
437 147
21 468
307 699
971 736
829 770
742 785
517 396
841 544
349 841
670 93
998 638
102 515
185 437
565 986
325 944
275 164
739 971
625 234
561 643
411 804
783 4
972 519
57 860
41 295
481 568
890 468
502 918
782 196
658 82
740 374
189 216
445 78
325 520
550 243
44 928
479 371
65 475
486 533
2 428
108 789
170 630
473 991
277 599
921 477
610 212
818 925
808 155
165 770
663 7
867 440
447 872
571 428
575 566
118 669
782 546
714 444
988 307
129 354
385 386
421 970
745 514
232 156
747 188
641 719
804 141
788 522
326 569
595 905
974 885
903 331
686 169
768 758
452 103
804 276
220 459
261 519
727 500
528 214
876 766
257 480
614 14
393 736
450 499
103 527
966 907
272 675
208 289
854 715
530 882
747 760
142 596
315 628
119 394
1000 172
928 601
223 661
290 330
835 64
721 118
907 383
928 456
945 622
584 314
821 51
56 243
642 646
388 210
891 307
323 447
416 11
627 749
241 26
350 900
354 347
24 210
104 302
916 511
311 875
645 7
829 746
627 418
283 202
680 614
945 480
956 46
153 746
8 35
815 280
374 56
854 246
486 596
288 275
903 965
943 68
250 109
748 156
363 198
571 893
257 757
679 590
726 298
585 521
434 39
326 89
274 572
996 114
648 369
226 325
303 689
914 492
353 78
481 113
947 332
567 911
605 376
328 284
274 990
461 193
740 829
174 191
106 145
303 537
658 573
274 881
163 489
724 777
871 106
747 152
250 656
586 790
344 725
917 398
894 378
544 685
31 496
987 454
63 463
168 305
295 447
759 890
171 757
390 401
999 89
560 627
513 130
723 161
880 741
82 235
261 396
297 963
390 32
192 381
896 165
11 813
354 827
480 610
651 909
736 383
240 500
920 90
958 950
800 560
821 486
470 252
199 470
81 307
322 63
360 246
270 263
809 567
94 587
76 242
405 752
37 529
962 207
212 530
599 134
964 513
753 210
960 980
777 34
195 597
716 49
595 904
977 539
446 294
319 572
288 192
626 258
221 638
114 331
813 794
264 169
49 67
782 47
606 339
553 357
633 727
407 62
356 646
710 317
412 656
765 830
752 195
951 573
424 62
726 715
728 669
386 102
244 982
749 635
148 668
754 787
741 827
296 548
841 237
790 182
41 981
25 504
408 496
135 775
487 304
77 336
129 426
365 916
884 900
222 551
336 626
487 641
590 722
827 44
846 376
534 384
405 126
334 12
15 963
666 692
276 496
788 689
275 606
537 119
376 881
103 454
254 886
573 738
704 639
394 768
854 545
94 890
607 967
497 892
65 656
566 4
347 222
314 397
47 657
637 241
105 256
33 99
169 697
308 163
436 920
717 57
60 796
846 935
704 908
669 182
506 740
161 391
299 369
517 151
530 495
329 758
591 774
649 11
736 887
29 313
806 211
693 439
333 808
528 867
564 33
240 245
606 278
196 948
71 192
972 397
947 121
269 93
933 54
629 359
758 53
504 808
144 137
951 694
793 524
919 84
190 403
248 301
767 346
191 985
620 189
147 604
516 256
573 209
621 811
929 257
993 70
278 934
64 382
102 154
968 260
269 737
721 572
831 691
832 883
750 961
642 204
242 616
921 3
405 146
452 621
407 973
516 836
278 745
82 400
746 187
710 534
917 152
771 467
974 427
777 557
566 655
863 464
570 124
954 927
424 894
177 590
911 303
972 783
128 293
757 193
21 550
61 601
498 789
230 686
389 66
468 589
380 273
878 16
94 515
720 94
294 193
556 748
744 84
514 972
345 478
701 410
902 915
463 635
389 868
397 345
894 873
666 930
246 488
212 296
359 651
696 245
182 896
678 5
653 813
791 766
928 438
13 154
880 449
516 55
830 979
818 779
790 225
529 452
15 584
623 760
24 828
921 562
577 464
690 209
115 618
653 44
275 81
13 461
262 740
309 854
165 658
690 13
791 162
98 727
85 335
304 378
286 446
545 92
715 588
537 668
40 324
225 216
196 335
418 833
60 742
721 536
222 767
742 502
998 76
435 850
775 451
278 684
656 884
656 284
159 379
841 784
385 298
498 373
116 772
92 460
298 684
203 211
301 551
360 509
518 208
320 795
617 27
150 148
214 379
551 792
772 603
134 344
588 483
915 181
834 959
322 75
739 998
50 984
730 239
460 198
731 346
809 756
99 20
961 465
100 827
29 481
285 919
342 872
899 903
368 499
222 466
617 737
853 84
783 313
752 329
256 818
956 835
722 925
669 674
601 20
485 961
53 653
717 662
41 77
761 350
634 212
714 876
145 415
623 796
202 88
939 821
317 889
304 568
830 553
413 747
487 446
182 424
505 89
135 802
945 146
818 224
433 70
197 229
788 952
1 282
511 389
444 578
436 959
415 195
241 782
847 204
775 867
979 956
54 944
382 285
224 939
50 609
488 880
489 473
343 402
254 859
326 708
628 76
646 871
977 444
996 488
302 455
393 771
485 109
306 784
146 573
589 359
148 19
926 6
641 150
381 317
845 78
259 887
636 870
360 104
198 888
843 629
73 837
94 697
848 461
575 138
617 128
708 873
605 657
536 154
6 258
744 29
542 464
726 157
813 841
639 852
659 212
995 954
381 752
826 623
629 714
39 334
977 905
687 546
925 361
764 439
218 287
237 465
717 967
403 643
924 39
817 945
70 755
218 398
934 72
79 579
711 126
469 383
375 969
334 951
523 880
30 832
654 236
914 303
645 429
889 301
619 884
583 209
235 111
696 395
65 383
678 303
135 608
926 885
879 831
311 163
847 285
278 40
600 214
799 414
201 13
442 614
3 259
477 200
761 68
436 555
24 641
851 52
231 814
959 715
609 122
261 717
945 920
825 578
819 92
705 143
592 691
261 606
272 605
357 660
967 765
489 326
197 541
366 252
760 839
618 127
245 769
362 623
866 961
811 174
864 596
95 740
332 26
151 694
833 539
445 981
156 360
181 971
368 718
522 905
320 609
265 416
1 635
32 405
859 344
308 450
271 254
590 472
801 753
251 136
126 996
165 296
574 76
167 398
372 299
764 171
484 530
322 341
53 547
863 618
893 265
407 236
502 170
766 807
14 438
808 387
513 795
735 104
312 594
117 257
464 893
303 924
696 312
843 187
899 253
295 988
248 447
598 419
925 945
392 215
93 169
222 855
922 937
724 509
28 564
657 460
771 68
207 39
498 253
328 341
951 343
516 400
577 646
45 1000
49 493
68 287
361 275
845 577
304 773
582 911
173 238
241 726
223 962
993 807
633 264
745 326
943 657
747 496
875 711
1 108
165 489
383 996
167 699
594 101
595 836
867 939
137 636
484 269
251 522
103 485
50 755
567 442
542 807
419 442
669 454
119 563
414 227
224 689
483 928
123 822
640 99
894 722
306 939
663 869
242 297
742 998
85 481
357 332
587 931
308 128
699 385
347 249
337 656
212 996
484 833
237 119
15 171
480 929
851 987
726 197
501 223
307 889
643 755
860 667
699 420
385 939
777 121
728 489
677 400
949 347
570 544
169 137
779 250
558 105
558 732
925 627
105 968
269 239
877 346
437 556
735 76
993 250
151 15
924 269
213 818
107 211
434 1
236 501
93 284
99 1
773 560
383 633
598 463
175 362
128 747
734 31
679 650
774 886
98 357
706 612
856 137
674 180
951 266
239 532
774 769
188 854
500 32
49 440
732 129
771 817
793 777
25 439
230 72
783 958
399 757
242 570
387 585
617 892
393 516
267 47
237 757
976 619
962 690
250 860
551 676
456 243
607 888
486 153
116 773
988 881
859 964
236 874
59 540
206 861
104 995
695 491
418 373
930 722
664 69
6 404
564 422
103 892
161 477
894 601
403 392
251 82
215 759
697 108
955 804
117 901
464 761
446 441
144 647
569 170
473 125
184 136
661 634
503 618
811 293
890 502
714 568
147 877
494 532
208 653
709 995
647 20
948 377
450 473
19 423
406 357
479 337
407 20
321 851
658 168
92 922
847 538
294 686
758 451
880 24
670 789
675 909
490 717
531 433
130 490
887 666
891 607
682 290
978 697
192 206
232 811
74 238
365 797
849 684
22 6
206 291
761 40
852 465
581 253
882 551
825 790
36 166
664 711
681 687
810 845
728 718
452 54
788 552
122 640
718 297
811 761
123 594
813 43
797 934
853 858
841 930
327 859
515 417
519 345
488 881
915 532
955 279
615 321
590 1
498 489
404 361
232 133
555 299
650 77
744 352
765 406
68 698
751 103
642 761
366 451
350 580
200 577
493 220
155 711
986 199
809 582
886 596
868 231
212 643
30 532
324 881
131 511
99 51
229 700
363 390
738 252
143 332
757 602
994 316
891 940
861 524
972 363
299 979
925 571
729 170
325 863
314 657
348 528
238 676
611 138
739 449
351 911
500 459
209 994
736 585
40 80
573 90
402 940
942 401
601 273
121 137
706 940
893 622
1 486
794 59
69 105
982 880
434 698
550 596
20 711
122 617
753 358
444 615
328 24
241 809
941 90
559 607
928 967
343 448
860 46
37 833
742 14
214 599
103 99
492 781
499 260
368 771
475 121
662 463
385 273
261 494
690 572
177 727
750 756
197 540
796 680
932 577
96 481
868 839
741 479
581 678
927 974
604 841
452 494
612 332
715 701
104 59
581 567
461 505
355 842
47 512
878 122
471 672
773 246
565 90
423 829
355 987
800 828
252 305
824 178
632 719
132 158
602 491
341 5
4 107
540 933
282 597
925 765
484 531
643 436
626 292
221 576
313 653
565 391
749 426
382 557
498 999
611 89
445 265
874 653
213 797
567 674
221 354
792 844
406 412
83 257
579 644
382 783
771 54
594 655
900 722
338 337
58 508
527 541
325 85
589 904
805 859
398 675
754 821
370 442
170 834
410 245
549 326
275 817
93 74
867 850
267 437
345 949
342 881
629 814
525 648
390 317
824 837
162 308
328 52
650 705
686 385
763 924
585 492
894 102
497 572
722 463
779 60
931 329
46 636
986 379
987 364
673 615
495 511
835 114
655 903
659 448
381 484
954 780
593 196
189 529
171 106
476 458
690 770
858 160
299 933
364 601
972 920
129 530
596 988
907 527
802 315
967 919
40 718
574 783
332 398
207 802
190 52
967 804
324 826
274 19
521 18
977 976
434 333
308 342
973 612
598 115
341 394
368 88
277 882
294 816
423 660
835 673
88 103
41 87
615 549
799 674
246 161
398 925
165 958
774 996
757 820
98 499
5 581
120 679
447 772
286 642
509 459
572 239
149 650
359 322
500 178
980 132
47 303
624 166
300 332
734 175
996 946
634 259
687 383
656 225
183 44
188 966
376 94
34 444
325 363
3 491
709 765
684 13
502 277
305 247
824 865
18 691
346 493
805 546
167 713
974 235
723 425
391 897
324 420
362 883
756 423
875 563
718 31
333 3
81 42
724 692
934 288
722 309
686 616
